0.0000000000 0.0000000000 0.0000000000 
0.0080000000 0.0046065060 0.0042993322 
0.0160000000 0.0184081053 0.0171797247 
0.0240000000 0.0413511148 0.0385884375 
0.0320000000 0.0733463031 0.0684378104 
0.0400000000 0.1142692520 0.1066056220 
0.0480000000 0.1639608583 0.1529355905 
0.0560000000 0.2222279773 0.2072380129 
0.0640000000 0.2888442026 0.2692905425 
0.0720000000 0.3635507811 0.3388390989 
0.0800000000 0.4460576576 0.4155989084 
0.0880000000 0.5360446468 0.4992556702 
0.0960000000 0.6331627260 0.5894668430 
0.1040000000 0.7370354442 0.6858630480 
0.1120000000 0.8472604420 0.7880495812 
0.1200000000 0.9634110756 0.8956080292 
0.1280000000 1.0850381382 1.0080979832 
0.1360000000 1.2116716727 1.1250588414 
0.1440000000 1.3428228669 1.2460116958 
0.1520000000 1.4779860248 1.3704612924 
0.1600000000 1.6166406050 1.4978980598 
0.1680000000 1.7582533187 1.6278001950 
0.1760000000 1.9022802777 1.7596358005 
0.1840000000 2.0481691847 1.8928650620 
0.1920000000 2.1953615566 2.0269424586 
0.2000000000 2.3432949712 2.1613189968 
0.2080000000 2.4914053290 2.2954444581 
0.2160000000 2.6391291203 2.4287696522 
0.2240000000 2.7859056885 2.5607486653 
0.2320000000 2.9311794807 2.6908410959 
0.2400000000 3.0744022758 2.8185142674 
0.2480000000 3.2150353815 2.9432454089 
0.2560000000 3.3525517911 3.0645237959 
0.2640000000 3.4864382917 3.1818528418 
0.2720000000 3.6161975141 3.2947521308 
0.2800000000 3.7413499175 3.4027593852 
0.2880000000 3.8614357000 3.5054323583 
0.2960000000 3.9760166275 3.6023506452 
0.3040000000 4.0846777732 3.6931174039 
0.3120000000 4.1870291610 3.7773609808 
0.3200000000 4.2827073062 3.8547364320 
0.3280000000 4.3713766467 3.9249269356 
0.3360000000 4.4527308597 3.9876450897 
0.3440000000 4.5264940575 4.0426340882 
0.3520000000 4.5924218589 4.0896687731 
0.3600000000 4.6503023308 4.1285565560 
0.3680000000 4.6999567962 4.1591382071 
0.3760000000 4.7412405067 4.1812885066 
0.3840000000 4.7740431745 4.1949167578 
0.3920000000 4.7982893645 4.1999671584 
0.4000000000 4.8139387425 4.2314584559 
0.4080000000 4.8209861802 4.2576854622 
0.4160000000 4.8194617155 4.2753029892 
0.4240000000 4.8094303696 4.2843564585 
0.4320000000 4.7909918204 4.2849260068 
0.4400000000 4.7642799346 4.2771260379 
0.4480000000 4.7294621591 4.2611046349 
0.4560000000 4.6867387768 4.2370428346 
0.4640000000 4.6363420268 4.2051537685 
0.4720000000 4.5785350951 4.1656816722 
0.4800000000 4.5136109788 4.1189007695 
0.4880000000 4.4418912284 4.0651140339 
0.4960000000 4.3637245744 4.0046518340 
0.5040000000 4.2794854430 3.9378704684 
0.5120000000 4.1895723675 3.8651505949 
0.5200000000 4.0944063010 3.7868955624 
0.5280000000 3.9944288392 3.7035296512 
0.5360000000 3.8901003590 3.6154962293 
0.5440000000 3.7818980811 3.5232558328 
0.5520000000 3.6703140647 3.4272841772 
0.5600000000 3.5558531426 3.3280701098 
0.5680000000 3.4390308052 3.2261135095 
0.5760000000 3.3203710415 3.1219231439 
0.5840000000 3.2004041471 3.0160144934 
0.5920000000 3.0796645071 2.9089075486 
0.6000000000 2.9586883641 2.8011245934 
0.6080000000 2.8380115795 2.6931879806 
0.6160000000 2.7181673977 2.5856179098 
0.6240000000 2.5996842230 2.4789302176 
0.6320000000 2.4830834172 2.3736341881 
0.6400000000 2.3688771275 2.2702303938 
0.6480000000 2.2575661544 2.1692085741 
0.6560000000 2.1496378669 2.0710455628 
0.6640000000 2.0455641744 1.9762032707 
0.6720000000 1.9457995642 1.8851267326 
0.6800000000 1.8507792108 1.7982422276 
0.6880000000 1.7609171676 1.7159554785 
0.6960000000 1.6766046452 1.6386499394 
0.7040000000 1.5982083861 1.5666851784 
0.7120000000 1.5260691410 1.5003953608 
0.7200000000 1.4605002531 1.4400878406 
0.7280000000 1.4017863570 1.3860418650 
0.7360000000 1.3501821964 1.3385073984 
0.7440000000 1.3059115665 1.2977040690 
0.7520000000 1.2691663851 1.2638202442 
0.7600000000 1.2401058954 1.2370122374 
0.7680000000 1.2188560051 1.2174036502 
0.7760000000 1.2055087641 1.2050848517 
0.7840000000 1.2001219820 1.2001125987 
0.7920000000 1.2027189884 1.2025097962 
0.8000000000 1.2132885361 1.2122654016 
0.8080000000 1.2317848476 1.2293344708 
0.8160000000 1.2581278053 1.2536383476 
0.8240000000 1.2922032838 1.2850649945 
0.8320000000 1.3338636239 1.3234694644 
0.8400000000 1.3829282453 1.3686745107 
0.8480000000 1.4391843964 1.4204713337 
0.8560000000 1.5023880374 1.4786204596 
0.8640000000 1.5722648536 1.5428527490 
0.8720000000 1.6485113947 1.6128705313 
0.8800000000 1.7307963350 1.6883488582 
0.8880000000 1.8187618492 1.7689368740 
0.8960000000 1.9120250997 1.8542592950 
0.9040000000 2.0101798267 1.9439179919 
0.9120000000 2.1127980370 2.0374936710 
0.9200000000 2.2194317830 2.1345476433 
0.9280000000 2.3296150255 2.2346236784 
0.9360000000 2.4428655719 2.3372499326 
0.9440000000 2.5586870822 2.4419409445 
0.9520000000 2.6765711353 2.5481996894 
0.9600000000 2.7959993450 2.6555196845 
0.9680000000 2.9164455200 2.7633871361 
0.9760000000 3.0373778555 2.8712831192 
0.9840000000 3.1582611513 2.9786857815 
0.9920000000 3.2785590436 3.0850725621 
1.0000000000 3.3977362435 3.1899224160 
1.0080000000 3.5152607731 3.2927180353 
1.0160000000 3.6306061883 3.3929480569 
1.0240000000 3.7432537808 3.4901092494 
1.0320000000 3.8526947496 3.5837086685 
1.0400000000 3.9584323331 3.6732657730 
1.0480000000 4.0599838926 3.7583144915 
1.0560000000 4.1568829398 3.8384052334 
1.0640000000 4.2486810987 3.9131068326 
1.0720000000 4.3349499940 3.9820084194 
1.0800000000 4.4152830594 4.0447212100 
1.0880000000 4.4892972565 4.1008802077 
1.0960000000 4.5566346988 4.1501458083 
1.1040000000 4.6169641733 4.1922053025 
1.1120000000 4.6699825535 4.2267742708 
1.1200000000 4.7154160976 4.2535978620 
1.1280000000 4.7530216280 4.2724519535 
1.1360000000 4.7825875852 4.2831441855 
1.1440000000 4.8039349531 4.2855148670 
1.1520000000 4.8169180511 4.2794377480 
1.1600000000 4.8214251905 4.2648206557 
1.1680000000 4.8173791920 4.2416059922 
1.1760000000 4.8047377612 4.2097710904 
1.1840000000 4.7834937225 4.1976590180 
1.1920000000 4.7536751088 4.1870245251 
1.2000000000 4.7153451071 4.1678444972 
1.2080000000 4.6686018598 4.1401974688 
1.2160000000 4.6135781232 4.1041966437 
1.2240000000 4.5504407844 4.0599894308 
1.2320000000 4.4793902370 4.0077568411 
1.2400000000 4.4006596206 3.9477127462 
1.2480000000 4.3145139253 3.8801030029 
1.2560000000 4.2212489653 3.8052044461 
1.2640000000 4.1211902259 3.7233237556 
1.2720000000 4.0146915888 3.6347962002 
1.2800000000 3.9021339398 3.5399842651 
1.2880000000 3.7839236662 3.4392761675 
1.2960000000 3.6604910482 3.3330842668 
1.3040000000 3.5322885525 3.2218433768 
1.3120000000 3.3997890333 3.1060089845 
1.3200000000 3.2634838502 2.9860553857 
1.3280000000 3.1238809079 2.8624737426 
1.3360000000 2.9815026284 2.7357700730 
1.3440000000 2.8368838625 2.6064631780 
1.3520000000 2.6905697482 2.4750825177 
1.3600000000 2.5431135278 2.3421660438 
1.3680000000 2.3950743287 2.2082579963 
1.3760000000 2.2470149201 2.0739066754 
1.3840000000 2.0994994532 1.9396621962 
1.3920000000 1.9530911940 1.8060742366 
1.4000000000 1.8083502589 1.6736897860 
1.4080000000 1.6658313615 1.5430509061 
1.4160000000 1.5260815801 1.4146925111 
1.4240000000 1.3896381551 1.2891401776 
1.4320000000 1.2570263248 1.1669079924 
1.4400000000 1.1287572094 1.0484964477 
1.4480000000 1.0053257501 0.9343903917 
1.4560000000 0.8872087143 0.8250570432 
1.4640000000 0.7748627723 0.7209440787 
1.4720000000 0.6687226551 0.6224777996 
1.4800000000 0.5691994003 0.5300613859 
1.4880000000 0.4766786931 0.4440732462 
1.4960000000 0.3915193094 0.3648654676 
1.5040000000 0.3140516676 0.2927623745 
1.5120000000 0.2445764940 0.2280592003 
1.5200000000 0.1833636084 0.1710208789 
1.5280000000 0.1306508344 0.1218809593 
1.5360000000 0.0866430388 0.0808406502 
1.5440000000 0.0515113037 0.0480679951 
1.5520000000 0.0253922356 0.0236971852 
1.5600000000 0.0083874133 0.0078280090 
1.5680000000 0.0005629776 0.0005254447 
1.5760000000 0.0019493640 0.0018193933 
1.5840000000 0.0125411796 0.0117045565 
1.5920000000 0.0322972250 0.0301404587 
1.6000000000 0.0611406608 0.0570516120 
