0.0000000000 0.0000000000 0.0000000000 
0.0080000000 0.0052206963 0.0049135225 
0.0160000000 0.0208623517 0.0196339711 
0.0240000000 0.0468637487 0.0441010714 
0.0320000000 0.0831231332 0.0782146404 
0.0400000000 0.1294986266 0.1218349966 
0.0480000000 0.1858087998 0.1747835320 
0.0560000000 0.2518334077 0.2368434433 
0.0640000000 0.3273142802 0.3077606200 
0.0720000000 0.4119563666 0.3872446845 
0.0800000000 0.5054289302 0.4749701811 
0.0880000000 0.6073668854 0.5705779088 
0.0960000000 0.7173722750 0.6736763920 
0.1040000000 0.8350158796 0.7838434835 
0.1120000000 0.9598389536 0.9006280928 
0.1200000000 1.0913550798 1.0235520334 
0.1280000000 1.2290521358 1.1521119808 
0.1360000000 1.3723943643 1.2857815331 
0.1440000000 1.5208245377 1.4240133666 
0.1520000000 1.6737662094 1.5662414771 
0.1600000000 1.8306260422 1.7118834969 
0.1680000000 1.9907962037 1.8603430800 
0.1760000000 2.1536568206 2.0110123434 
0.1840000000 2.3185784793 2.1632743566 
0.1920000000 2.4849247650 2.3165056670 
0.2000000000 2.6520548279 2.4700788535 
0.2080000000 2.8193259659 2.6233650950 
0.2160000000 2.9860962134 2.7757367453 
0.2240000000 3.1517269264 2.9265699032 
0.2320000000 3.3155853515 3.0752469668 
0.2400000000 3.4770471711 3.2211591628 
0.2480000000 3.6354990113 3.3637090387 
0.2560000000 3.7903409048 3.5023129096 
0.2640000000 3.9409886977 3.6364032478 
0.2720000000 4.0868763899 3.7654310066 
0.2800000000 4.2274584011 3.8888678688 
0.2880000000 4.3622117512 4.0062084095 
0.2960000000 4.4906381483 4.1169721659 
0.3040000000 4.6122659738 4.2207056045 
0.3120000000 4.7266521583 4.3169839781 
0.3200000000 4.8333839393 4.4054130651 
0.3280000000 4.9320804947 4.4856307836 
0.3360000000 5.0223944439 4.5573086739 
0.3440000000 5.1040132129 4.6201532436 
0.3520000000 5.1766602551 4.6739071692 
0.3600000000 5.2400961245 4.7183503498 
0.3680000000 5.2941193973 4.7533008081 
0.3760000000 5.3385674362 4.7786154361 
0.3840000000 5.3733169971 4.7941905803 
0.3920000000 5.3982846729 4.7999624668 
0.4000000000 5.4134271753 4.8309468887 
0.4080000000 5.4187414513 4.8554407333 
0.4160000000 5.4142646357 4.8701059094 
0.4240000000 5.4000738382 4.8749999272 
0.4320000000 5.3762857682 4.8702199545 
0.4400000000 5.3430561962 4.8559022995 
0.4480000000 5.3005792567 4.8322217325 
0.4560000000 5.2490865938 4.7993906516 
0.4640000000 5.1888463532 4.7576580949 
0.4720000000 5.1201620263 4.7073086034 
0.4800000000 5.0433711485 4.6486609392 
0.4880000000 4.9588438602 4.5820666657 
0.4960000000 4.8669813336 4.5079085933 
0.5040000000 4.7682140741 4.4265990995 
0.5120000000 4.6630001018 4.3385783292 
0.5200000000 4.5518230209 4.2443122823 
0.5280000000 4.4351899860 4.1442907979 
0.5360000000 4.3136295717 4.0390254420 
0.5440000000 4.1876895568 3.9290473084 
0.5520000000 4.0579346293 3.8149047418 
0.5600000000 3.9249440248 3.6971609921 
0.5680000000 3.7893091054 3.5763918096 
0.5760000000 3.6516308900 3.4531829924 
0.5840000000 3.5125175472 3.3281278935 
0.5920000000 3.3725818593 3.2018249008 
0.6000000000 3.2324386691 3.0748748984 
0.6080000000 3.0927023192 2.9478787203 
0.6160000000 2.9539840956 2.8214346077 
0.6240000000 2.8168896842 2.6961356788 
0.6320000000 2.6820166524 2.5725674233 
0.6400000000 2.5499519648 2.4513052311 
0.6480000000 2.4212695451 2.3329119648 
0.6560000000 2.2965278913 2.2179355872 
0.6640000000 2.1762677570 2.1069068533 
0.6720000000 2.0610099064 2.0003370749 
0.6800000000 1.9512529528 1.8987159696 
0.6880000000 1.8474712900 1.8025096009 
0.6960000000 1.7501131239 1.7121584182 
0.7040000000 1.6595986138 1.6280754061 
0.7120000000 1.5763181298 1.5506443496 
0.7200000000 1.5006306339 1.4802182214 
0.7280000000 1.4328621925 1.4171177006 
0.7360000000 1.3733046241 1.3616298261 
0.7440000000 1.3222142900 1.3140067924 
0.7520000000 1.2798110317 1.2744648908 
0.7600000000 1.2462772602 1.2431836022 
0.7680000000 1.2217571994 1.2203048445 
0.7760000000 1.2063562893 1.2059323769 
0.7840000000 1.2001407484 1.2001313651 
0.7920000000 1.2031372999 1.2029281077 
0.8000000000 1.2153330605 1.2143099259 
0.8080000000 1.2366755939 1.2342252171 
0.8160000000 1.2670731286 1.2625836709 
0.8240000000 1.3063949371 1.2992566478 
0.8320000000 1.3544718787 1.3440777192 
0.8400000000 1.4110970996 1.3968433650 
0.8480000000 1.4760268906 1.4573138279 
0.8560000000 1.5489816967 1.5252141189 
0.8640000000 1.6296472762 1.6002351716 
0.8720000000 1.7176760030 1.6820351396 
0.8800000000 1.8126883081 1.7702408313 
0.8880000000 1.9142742527 1.8644492775 
0.8960000000 2.0219952289 1.9642294242 
0.9040000000 2.1353857784 2.0691239436 
0.9120000000 2.2539555231 2.1786511571 
0.9200000000 2.3771912006 2.2923070608 
0.9280000000 2.5045587930 2.4095674459 
0.9360000000 2.6355057449 2.5298901057 
0.9440000000 2.7694632565 2.6527171188 
0.9520000000 2.9058486469 2.7774772010 
0.9600000000 3.0440677744 2.9035881139 
0.9680000000 3.1835175062 3.0304591224 
0.9760000000 3.3235882258 3.1574934895 
0.9840000000 3.4636663687 3.2840909988 
0.9920000000 3.6031369757 3.4096504942 
1.0000000000 3.7413862537 3.5335724262 
1.0080000000 3.8778041318 3.6552613940 
1.0160000000 4.0117868054 3.7741286740 
1.0240000000 4.1427392540 3.8895947226 
1.0320000000 4.2700777254 4.0010916444 
1.0400000000 4.3932321750 4.1080656148 
1.0480000000 4.5116486488 4.2099792478 
1.0560000000 4.6247916036 4.3063138971 
1.0640000000 4.7321461508 4.3965718847 
1.0720000000 4.8332202181 4.4802786435 
1.0800000000 4.9275466178 4.5569847684 
1.0880000000 5.0146850143 4.6262679656 
1.0960000000 5.0942237830 4.6877348924 
1.1040000000 5.1657817511 4.7410228803 
1.1120000000 5.2290098158 4.7858015331 
1.1200000000 5.2835924309 4.8217741953 
1.1280000000 5.3292489569 4.8486792824 
1.1360000000 5.3657348688 4.8662914691 
1.1440000000 5.3928428158 4.8744227298 
1.1520000000 5.4104035302 4.8729232271 
1.1600000000 5.4182865799 4.8616820450 
1.1680000000 5.4164009622 4.8406277625 
1.1760000000 5.4046955372 4.8097288664 
1.1840000000 5.3831592965 4.7973245920 
1.1920000000 5.3518214696 4.7851708858 
1.2000000000 5.3107514638 4.7632508539 
1.2080000000 5.2600586410 4.7316542501 
1.2160000000 5.1998919295 4.6905104500 
1.2240000000 5.1304392745 4.6399879209 
1.2320000000 5.0519269286 4.5802935327 
1.2400000000 4.9646185843 4.5116717100 
1.2480000000 4.8688143543 4.4344034319 
1.2560000000 4.7648496004 4.3488050812 
1.2640000000 4.6530936195 4.2552271492 
1.2720000000 4.5339481888 4.1540528002 
1.2800000000 4.4078459776 4.0456963030 
1.2880000000 4.2752488329 3.9306013343 
1.2960000000 4.1366459435 3.8092391621 
1.3040000000 3.9925518920 3.6821067163 
1.3120000000 3.8435046025 3.5497245537 
1.3200000000 3.6900631910 3.4126347265 
1.3280000000 3.5328057282 3.2713985630 
1.3360000000 3.3723269246 3.1265943692 
1.3440000000 3.2092357450 2.9788150605 
1.3520000000 3.0441529650 2.8286657345 
1.3600000000 2.8777086769 2.6767611929 
1.3680000000 2.7105397567 2.5237234243 
1.3760000000 2.5432873023 2.3701790576 
1.3840000000 2.3765940527 2.2167567957 
1.3920000000 2.2111017992 2.0640848418 
1.4000000000 2.0474487997 1.9127883268 
1.4080000000 1.8862672052 1.7634867498 
1.4160000000 1.7281805102 1.6167914413 
1.4240000000 1.5738010376 1.4733030601 
1.4320000000 1.4237274666 1.3336091342 
1.4400000000 1.2785424162 1.1982816546 
1.4480000000 1.1388100917 1.0678747333 
1.4560000000 1.0050740062 0.9429223350 
1.4640000000 0.8778547836 0.8239360900 
1.4720000000 0.7576480550 0.7114031995 
1.4800000000 0.6449224554 0.6057844410 
1.4880000000 0.5401177282 0.5075122813 
1.4960000000 0.4436429476 0.4169891058 
1.5040000000 0.3558748640 0.3345855708 
1.5120000000 0.2771563798 0.2606390861 
1.5200000000 0.2077951625 0.1954524330 
1.5280000000 0.1480624000 0.1392925250 
1.5360000000 0.0981917031 0.0923893145 
1.5440000000 0.0583781601 0.0549348516 
1.5520000000 0.0287775477 0.0270824973 
1.5600000000 0.0095057003 0.0089462960 
1.5680000000 0.0006380412 0.0006005082 
1.5760000000 0.0022092773 0.0020793066 
1.5840000000 0.0142132591 0.0133766360 
1.5920000000 0.0366030048 0.0344462385 
1.6000000000 0.0692908911 0.0652018423 
