0.0000000000 0.0000000000 0.0000000000 
0.0080000000 0.0027639350 0.0024567613 
0.0160000000 0.0110453662 0.0098169856 
0.0240000000 0.0248132130 0.0220505357 
0.0320000000 0.0440158130 0.0391073202 
0.0400000000 0.0685811283 0.0609174983 
0.0480000000 0.0984170338 0.0873917660 
0.0560000000 0.1334116861 0.1184217217 
0.0640000000 0.1734339701 0.1538803100 
0.0720000000 0.2183340244 0.1936223423 
0.0800000000 0.2679438397 0.2374850905 
0.0880000000 0.3220779310 0.2852889544 
0.0960000000 0.3805340790 0.3368381960 
0.1040000000 0.4430941379 0.3919217417 
0.1120000000 0.5095249072 0.4503140464 
0.1200000000 0.5795790630 0.5117760167 
0.1280000000 0.6529961454 0.5760559904 
0.1360000000 0.7295035978 0.6428907665 
0.1440000000 0.8088178544 0.7120066833 
0.1520000000 0.8906454709 0.7831207385 
0.1600000000 0.9746842937 0.8559417484 
0.1680000000 1.0606246637 0.9301715400 
0.1760000000 1.1481506489 1.0055061717 
0.1840000000 1.2369413010 1.0816371783 
0.1920000000 1.3266719315 1.1582528335 
0.2000000000 1.4170154012 1.2350394268 
0.2080000000 1.5076434184 1.3116825475 
0.2160000000 1.5982278408 1.3878683727 
0.2240000000 1.6884419748 1.4632849516 
0.2320000000 1.7779618681 1.5376234834 
0.2400000000 1.8664675897 1.6105795814 
0.2480000000 1.9536444919 1.6818545194 
0.2560000000 2.0391844500 1.7511564548 
0.2640000000 2.1227870738 1.8182016239 
0.2720000000 2.2041608866 1.8827155033 
0.2800000000 2.2830244666 1.9444339344 
0.2880000000 2.3591075464 2.0031042048 
0.2960000000 2.4321520653 2.0584860830 
0.3040000000 2.5019131715 2.1103528023 
0.3120000000 2.5681601692 2.1584919891 
0.3200000000 2.6306774068 2.2027065326 
0.3280000000 2.6892651029 2.2428153918 
0.3360000000 2.7437401069 2.2786543370 
0.3440000000 2.7939365911 2.3100766218 
0.3520000000 2.8397066705 2.3369535846 
0.3600000000 2.8809209496 2.3591751749 
0.3680000000 2.9174689932 2.3766504041 
0.3760000000 2.9492597182 2.3893077180 
0.3840000000 2.9762217069 2.3970952901 
0.3920000000 2.9983034395 2.3999812334 
0.4000000000 3.0154734443 2.4329931577 
0.4080000000 3.0277203667 2.4644196487 
0.4160000000 3.0350529547 2.4908942285 
0.4240000000 3.0374999636 2.5124260525 
0.4320000000 3.0351099773 2.5290441636 
0.4400000000 3.0279511497 2.5407972531 
0.4480000000 3.0161108662 2.5477533420 
0.4560000000 2.9996953258 2.5499993837 
0.4640000000 2.9788290475 2.5476407892 
0.4720000000 2.9536543017 2.5408008787 
0.4800000000 2.9243304696 2.5296202603 
0.4880000000 2.8910333328 2.5142561384 
0.4960000000 2.8539542966 2.4948815563 
0.5040000000 2.8132995498 2.4716845751 
0.5120000000 2.7692891646 2.4448673920 
0.5200000000 2.7221561412 2.4146454026 
0.5280000000 2.6721453990 2.3812462109 
0.5360000000 2.6195127210 2.3449085913 
0.5440000000 2.5645236542 2.3058814059 
0.5520000000 2.5074523709 2.2644224834 
0.5600000000 2.4485804960 2.2207974632 
0.5680000000 2.3881959048 2.1752786090 
0.5760000000 2.3265914962 2.1281435986 
0.5840000000 2.2640639467 2.0796742930 
0.5920000000 2.2009124504 2.0301554919 
0.6000000000 2.1374374492 1.9798736785 
0.6080000000 2.0739393602 1.9291157613 
0.6160000000 2.0107173039 1.8781678159 
0.6240000000 1.9480678394 1.8273138339 
0.6320000000 1.8862837117 1.7768344826 
0.6400000000 1.8256526156 1.7270058818 
0.6480000000 1.7664559824 1.6780984020 
0.6560000000 1.7089677936 1.6303754895 
0.6640000000 1.6534534266 1.5840925229 
0.6720000000 1.6001685374 1.5394957059 
0.6800000000 1.5493579848 1.4968210017 
0.6880000000 1.5012548004 1.4562931113 
0.6960000000 1.4560792091 1.4181245033 
0.7040000000 1.4140377031 1.3825144954 
0.7120000000 1.3753221748 1.3496483946 
0.7200000000 1.3401091107 1.3196966981 
0.7280000000 1.3085588503 1.2928143583 
0.7360000000 1.2808149131 1.2691401151 
0.7440000000 1.2570033962 1.2487958986 
0.7520000000 1.2372324454 1.2318863044 
0.7600000000 1.2215918011 1.2184981431 
0.7680000000 1.2101524222 1.2087000673 
0.7760000000 1.2029661885 1.2025422761 
0.7840000000 1.2000656826 1.2000562993 
0.7920000000 1.2014640538 1.2012548616 
0.8000000000 1.2071549630 1.2061318284 
0.8080000000 1.2171126086 1.2146622318 
0.8160000000 1.2312918354 1.2268023778 
0.8240000000 1.2496283239 1.2424900346 
0.8320000000 1.2720388596 1.2616447001 
0.8400000000 1.2984216825 1.2841679479 
0.8480000000 1.3286569139 1.3099438513 
0.8560000000 1.3626070594 1.3388394817 
0.8640000000 1.4001175858 1.3707054813 
0.8720000000 1.4410175698 1.4053767064 
0.8800000000 1.4851204156 1.4426729389 
0.8880000000 1.5322246388 1.4823996636 
0.8960000000 1.5821147121 1.5243489073 
0.9040000000 1.6345619718 1.5683001370 
0.9120000000 1.6893255786 1.6140212125 
0.9200000000 1.7461535304 1.6612693906 
0.9280000000 1.8047837230 1.7097923758 
0.9360000000 1.8649450528 1.7593294136 
0.9440000000 1.9263585594 1.8096124217 
0.9520000000 1.9887386005 1.8603671546 
0.9600000000 2.0517940569 1.9113143964 
0.9680000000 2.1152295612 1.9621711773 
0.9760000000 2.1787467447 2.0126520084 
0.9840000000 2.2420454994 2.0624701295 
0.9920000000 2.3048252471 2.1113387656 
1.0000000000 2.3667862131 2.1589723856 
1.0080000000 2.4276306970 2.2050879592 
1.0160000000 2.4870643370 2.2494062056 
1.0240000000 2.5447973613 2.2916528299 
1.0320000000 2.6005458222 2.3315597411 
1.0400000000 2.6540328074 2.3688662473 
1.0480000000 2.7049896239 2.4033202228 
1.0560000000 2.7531569486 2.4346792421 
1.0640000000 2.7982859423 2.4627116762 
1.0720000000 2.8401393217 2.4871977471 
1.0800000000 2.8784923842 2.5079305348 
1.0880000000 2.9131339828 2.5247169341 
1.0960000000 2.9438674462 2.5373785557 
1.1040000000 2.9705114401 2.5457525693 
1.1120000000 2.9929007665 2.5496924838 
1.1200000000 3.0108870976 2.5490688621 
1.1280000000 3.0243396412 2.5437699667 
1.1360000000 3.0331457345 2.5337023348 
1.1440000000 3.0372113649 2.5187912788 
1.1520000000 3.0364616136 2.4989813105 
1.1600000000 3.0308410225 2.4742364877 
1.1680000000 3.0203138812 2.4445406815 
1.1760000000 3.0048644332 2.4098977624 
1.1840000000 2.9844970005 2.3986622960 
1.1920000000 2.9592360267 2.3925854429 
1.2000000000 2.9291260369 2.3816254270 
1.2080000000 2.8942315160 2.3658271251 
1.2160000000 2.8546367045 2.3452552250 
1.2240000000 2.8104453140 2.3199939605 
1.2320000000 2.7617801622 2.2901467663 
1.2400000000 2.7087827294 2.2558358550 
1.2480000000 2.6516126384 2.2172017159 
1.2560000000 2.5904470598 2.1744025406 
1.2640000000 2.5254800449 2.1276135746 
1.2720000000 2.4569217887 2.0770264001 
1.2800000000 2.3849978261 2.0228481515 
1.2880000000 2.3099481658 1.9653006671 
1.2960000000 2.2320263624 1.9046195810 
1.3040000000 2.1514985338 1.8410533581 
1.3120000000 2.0686423257 1.7748622768 
1.3200000000 1.9837458277 1.7063173632 
1.3280000000 1.8971064467 1.6356992815 
1.3360000000 1.8090297400 1.5632971846 
1.3440000000 1.7198282148 1.4894075303 
1.3520000000 1.6298200978 1.4143328673 
1.3600000000 1.5393280804 1.3383805965 
1.3680000000 1.4486780446 1.2618617122 
1.3760000000 1.3581977735 1.1850895288 
1.3840000000 1.2682156548 1.1083783978 
1.3920000000 1.1790593783 1.0320424209 
1.4000000000 1.0910546363 0.9563941634 
1.4080000000 1.0045238303 0.8817433749 
1.4160000000 0.9197847896 0.8083957206 
1.4240000000 0.8371495075 0.7366515301 
1.4320000000 0.7569228995 0.6668045671 
1.4400000000 0.6794015889 0.5991408273 
1.4480000000 0.6048727251 0.5339373667 
1.4560000000 0.5336128387 0.4714611675 
1.4640000000 0.4658867386 0.4119680450 
1.4720000000 0.4019464553 0.3557015998 
1.4800000000 0.3420302349 0.3028922205 
1.4880000000 0.2863615876 0.2537561407 
1.4960000000 0.2351483947 0.2084945529 
1.5040000000 0.1885820786 0.1672927854 
1.5120000000 0.1468368367 0.1303195430 
1.5200000000 0.1100689460 0.0977262165 
1.5280000000 0.0784161376 0.0696462625 
1.5360000000 0.0519970458 0.0461946573 
1.5440000000 0.0309107343 0.0274674258 
1.5520000000 0.0152362991 0.0135412487 
1.5600000000 0.0050325523 0.0044731480 
1.5680000000 0.0003377870 0.0003002541 
1.5760000000 0.0011696240 0.0010396533 
1.5840000000 0.0075249410 0.0066883180 
1.5920000000 0.0193798855 0.0172231192 
1.6000000000 0.0366899699 0.0326009212 
