0.0000000000 0.0000000000 0.0000000000 
0.0080000000 0.0021497447 0.0018425709 
0.0160000000 0.0085911198 0.0073627392 
0.0240000000 0.0193005791 0.0165379018 
0.0320000000 0.0342389829 0.0293304902 
0.0400000000 0.0533517537 0.0456881237 
0.0480000000 0.0765690923 0.0655438245 
0.0560000000 0.1038062556 0.0888162912 
0.0640000000 0.1349638926 0.1154102325 
0.0720000000 0.1699284388 0.1452167567 
0.0800000000 0.2085725671 0.1781138179 
0.0880000000 0.2507556924 0.2139667158 
0.0960000000 0.2963245300 0.2526286470 
0.1040000000 0.3451137025 0.2939413063 
0.1120000000 0.3969463956 0.3377355348 
0.1200000000 0.4516350589 0.3838320125 
0.1280000000 0.5089821478 0.4320419928 
0.1360000000 0.5687809062 0.4821680749 
0.1440000000 0.6308161836 0.5340050125 
0.1520000000 0.6948652863 0.5873405539 
0.1600000000 0.7606988566 0.6419563113 
0.1680000000 0.8280817787 0.6976286550 
0.1760000000 0.8967741060 0.7541296288 
0.1840000000 0.9665320064 0.8112278837 
0.1920000000 1.0371087231 0.8686896251 
0.2000000000 1.1082555445 0.9262795701 
0.2080000000 1.1797227815 0.9837619106 
0.2160000000 1.2512607476 1.0409012795 
0.2240000000 1.3226207369 1.0974637137 
0.2320000000 1.3935559973 1.1532176125 
0.2400000000 1.4638226944 1.2079346860 
0.2480000000 1.5331808621 1.2613908895 
0.2560000000 1.6013953363 1.3133673411 
0.2640000000 1.6682366678 1.3636512179 
0.2720000000 1.7334820108 1.4120366275 
0.2800000000 1.7969159830 1.4583254508 
0.2880000000 1.8583314952 1.5023281536 
0.2960000000 1.9175305446 1.5438645622 
0.3040000000 1.9743249710 1.5827646017 
0.3120000000 2.0285371720 1.6188689918 
0.3200000000 2.0800007736 1.6520298994 
0.3280000000 2.1285612549 1.6821115438 
0.3360000000 2.1740765227 1.7089907527 
0.3440000000 2.2164174357 1.7325574664 
0.3520000000 2.2554682743 1.7527151885 
0.3600000000 2.2911271559 1.7693813812 
0.3680000000 2.3233063922 1.7824878030 
0.3760000000 2.3519327886 1.7919807885 
0.3840000000 2.3769478844 1.7978214676 
0.3920000000 2.3983081311 1.7999859250 
0.4000000000 2.4159850116 1.8335047250 
0.4080000000 2.4299650955 1.8666643775 
0.4160000000 2.4402500345 1.8960913082 
0.4240000000 2.4468564949 1.9217825838 
0.4320000000 2.4498160295 1.9437502159 
0.4400000000 2.4491748881 1.9620209915 
0.4480000000 2.4449937686 1.9766362444 
0.4560000000 2.4373475088 1.9876515667 
0.4640000000 2.4263247210 1.9951364627 
0.4720000000 2.4120273705 1.9991739476 
0.4800000000 2.3945702999 1.9998600906 
0.4880000000 2.3740807010 1.9973035065 
0.4960000000 2.3506975374 1.9916247971 
0.5040000000 2.3245709187 1.9829559441 
0.5120000000 2.2958614303 1.9714396577 
0.5200000000 2.2647394212 1.9572286826 
0.5280000000 2.2313842522 1.9404850642 
0.5360000000 2.1959835083 1.9213793786 
0.5440000000 2.1587321786 1.9000899302 
0.5520000000 2.1198318063 1.8768019189 
0.5600000000 2.0794896138 1.8517065810 
0.5680000000 2.0379176047 1.8250003089 
0.5760000000 1.9953316477 1.7968837501 
0.5840000000 1.9519505466 1.7675608929 
0.5920000000 1.9079950982 1.7372381397 
0.6000000000 1.8636871442 1.7061233736 
0.6080000000 1.8192486204 1.6744250215 
0.6160000000 1.7749006059 1.6423511180 
0.6240000000 1.7308623782 1.6101083727 
0.6320000000 1.6873504765 1.5779012475 
0.6400000000 1.6445777782 1.5459310445 
0.6480000000 1.6027525917 1.5143950114 
0.6560000000 1.5620777692 1.4834854651 
0.6640000000 1.5227498440 1.4533889403 
0.6720000000 1.4849581952 1.4242853637 
0.6800000000 1.4488842428 1.3963472597 
0.6880000000 1.4147006781 1.3697389890 
0.6960000000 1.3825707304 1.3446160246 
0.7040000000 1.3526474754 1.3211242677 
0.7120000000 1.3250731860 1.2993994058 
0.7200000000 1.2999787299 1.2795663173 
0.7280000000 1.2774830147 1.2617385227 
0.7360000000 1.2576924853 1.2460176873 
0.7440000000 1.2407006728 1.2324931752 
0.7520000000 1.2265877988 1.2212416578 
0.7600000000 1.2154204363 1.2123267783 
0.7680000000 1.2072512280 1.2057988730 
0.7760000000 1.2021186633 1.2016947509 
0.7840000000 1.2000469161 1.2000375328 
0.7920000000 1.2010457423 1.2008365501 
0.8000000000 1.2051104386 1.2040873041 
0.8080000000 1.2122218622 1.2097714854 
0.8160000000 1.2223465122 1.2178570545 
0.8240000000 1.2354366706 1.2282983813 
0.8320000000 1.2514306048 1.2410364453 
0.8400000000 1.2702528282 1.2559990936 
0.8480000000 1.2918144198 1.2731013571 
0.8560000000 1.3160134001 1.2922458224 
0.8640000000 1.3427351632 1.3133230587 
0.8720000000 1.3718529615 1.3362120980 
0.8800000000 1.4032284425 1.3607809657 
0.8880000000 1.4367122353 1.3868872601 
0.8960000000 1.4721445829 1.4143787781 
0.9040000000 1.5093560202 1.4430941854 
0.9120000000 1.5481680924 1.4728637264 
0.9200000000 1.5883941129 1.5035099731 
0.9280000000 1.6298399554 1.5348486083 
0.9360000000 1.6723048798 1.5666892406 
0.9440000000 1.7155823851 1.5988362474 
0.9520000000 1.7594610889 1.6310896430 
0.9600000000 1.8037256276 1.6632459670 
0.9680000000 1.8481575749 1.6950991911 
0.9760000000 1.8925363745 1.7264416381 
0.9840000000 1.9366402821 1.7570649122 
0.9920000000 1.9802473149 1.7867608334 
1.0000000000 2.0231362029 1.8153223755 
1.0080000000 2.0650873383 1.8425446005 
1.0160000000 2.1058837199 1.8682255885 
1.0240000000 2.1453118881 1.8921673567 
1.0320000000 2.1831628464 1.9141767653 
1.0400000000 2.2192329655 1.9340664054 
1.0480000000 2.2533248676 1.9516554666 
1.0560000000 2.2852482848 1.9667705783 
1.0640000000 2.3148208902 1.9792466241 
1.0720000000 2.3418690976 1.9889275230 
1.0800000000 2.3662288258 1.9956669764 
1.0880000000 2.3877462249 1.9993291762 
1.0960000000 2.4062783620 1.9997894715 
1.1040000000 2.4216938624 1.9969349916 
1.1120000000 2.4338735042 1.9906652215 
1.1200000000 2.4427107643 1.9808925287 
1.1280000000 2.4481123123 1.9675426377 
1.1360000000 2.4499984510 1.9505550513 
1.1440000000 2.4483035021 1.9298834161 
1.1520000000 2.4429761344 1.9054958313 
1.1600000000 2.4339796332 1.8773750983 
1.1680000000 2.4212921110 1.8455189112 
1.1760000000 2.4049066572 1.8099399864 
1.1840000000 2.3848314265 1.7989967220 
1.1920000000 2.3610896659 1.7944390822 
1.2000000000 2.3337196802 1.7862190702 
1.2080000000 2.3027747347 1.7743703438 
1.2160000000 2.2683228983 1.7589414187 
1.2240000000 2.2304468239 1.7399954703 
1.2320000000 2.1892434706 1.7176100748 
1.2400000000 2.1448237656 1.6918768912 
1.2480000000 2.0973122094 1.6629012869 
1.2560000000 2.0468464247 1.6308019055 
1.2640000000 1.9935766513 1.5957101810 
1.2720000000 1.9376651886 1.5577698001 
1.2800000000 1.8792857883 1.5171361136 
1.2880000000 1.8186229990 1.4739755003 
1.2960000000 1.7558714672 1.4284646858 
1.3040000000 1.6912351943 1.3807900186 
1.3120000000 1.6249267565 1.3311467076 
1.3200000000 1.5571664869 1.2797380224 
1.3280000000 1.4881816263 1.2267744611 
1.3360000000 1.4182054438 1.1724728884 
1.3440000000 1.3474763322 1.1170556477 
1.3520000000 1.2762368809 1.0607496504 
1.3600000000 1.2047329313 1.0037854473 
1.3680000000 1.1332126165 0.9463962841 
1.3760000000 1.0619253914 0.8888171466 
1.3840000000 0.9911210554 0.8312837984 
1.3920000000 0.9210487731 0.7740318157 
1.4000000000 0.8519560955 0.7172956226 
1.4080000000 0.7840879866 0.6613075312 
1.4160000000 0.7176858595 0.6062967905 
1.4240000000 0.6529866250 0.5524886475 
1.4320000000 0.5902217577 0.5001034253 
1.4400000000 0.5296163821 0.4493556205 
1.4480000000 0.4713883834 0.4004530250 
1.4560000000 0.4157475468 0.3535958756 
1.4640000000 0.3628947273 0.3089760337 
1.4720000000 0.3130210553 0.2667761998 
1.4800000000 0.2663071798 0.2271691654 
1.4880000000 0.2229225524 0.1903171055 
1.4960000000 0.1830247565 0.1563709147 
1.5040000000 0.1467588822 0.1254695891 
1.5120000000 0.1142569510 0.0977396573 
1.5200000000 0.0856373919 0.0732946624 
1.5280000000 0.0610045719 0.0522346969 
1.5360000000 0.0404483815 0.0346459929 
1.5440000000 0.0240438779 0.0206005693 
1.5520000000 0.0118509869 0.0101559365 
1.5600000000 0.0039142653 0.0033548610 
1.5680000000 0.0002627235 0.0002251906 
1.5760000000 0.0009097107 0.0007797400 
1.5840000000 0.0058528615 0.0050162385 
1.5920000000 0.0150741057 0.0129173394 
1.6000000000 0.0285397396 0.0244506909 
