0.0000000000 0.0000000000 0.0000000000 
0.0080000000 0.0015355544 0.0012283806 
0.0160000000 0.0061368734 0.0049084928 
0.0240000000 0.0137879451 0.0110252679 
0.0320000000 0.0244621529 0.0195536601 
0.0400000000 0.0381223791 0.0304587492 
0.0480000000 0.0547211508 0.0436958830 
0.0560000000 0.0742008252 0.0592108608 
0.0640000000 0.0964938151 0.0769401550 
0.0720000000 0.1215228533 0.0968111711 
0.0800000000 0.1492012944 0.1187425453 
0.0880000000 0.1794334538 0.1426444772 
0.0960000000 0.2121149810 0.1684190980 
0.1040000000 0.2471332670 0.1959608709 
0.1120000000 0.2843678840 0.2251570232 
0.1200000000 0.3236910547 0.2558880084 
0.1280000000 0.3649681502 0.2880279952 
0.1360000000 0.4080582145 0.3214453833 
0.1440000000 0.4528145128 0.3560033417 
0.1520000000 0.4990851016 0.3915603693 
0.1600000000 0.5467134195 0.4279708742 
0.1680000000 0.5955388937 0.4650857700 
0.1760000000 0.6453975631 0.5027530859 
0.1840000000 0.6961227119 0.5408185891 
0.1920000000 0.7475455147 0.5791264168 
0.2000000000 0.7994956878 0.6175197134 
0.2080000000 0.8518021446 0.6558412738 
0.2160000000 0.9042936544 0.6939341863 
0.2240000000 0.9567994990 0.7316424758 
0.2320000000 1.0091501264 0.7688117417 
0.2400000000 1.0611777990 0.8052897907 
0.2480000000 1.1127172323 0.8409272597 
0.2560000000 1.1636062226 0.8755782274 
0.2640000000 1.2136862618 0.9091008119 
0.2720000000 1.2628031349 0.9413577517 
0.2800000000 1.3108074994 0.9722169672 
0.2880000000 1.3575554440 1.0015521024 
0.2960000000 1.4029090238 1.0292430415 
0.3040000000 1.4467367704 1.0551764011 
0.3120000000 1.4889141747 1.0792459945 
0.3200000000 1.5293241405 1.1013532663 
0.3280000000 1.5678574070 1.1214076959 
0.3360000000 1.6044129385 1.1393271685 
0.3440000000 1.6388982802 1.1550383109 
0.3520000000 1.6712298782 1.1684767923 
0.3600000000 1.7013333622 1.1795875874 
0.3680000000 1.7291437912 1.1883252020 
0.3760000000 1.7546058591 1.1946538590 
0.3840000000 1.7776740618 1.1985476451 
0.3920000000 1.7983128228 1.1999906167 
0.4000000000 1.8164965789 1.2340162922 
0.4080000000 1.8322098243 1.2689091063 
0.4160000000 1.8454471142 1.3012883880 
0.4240000000 1.8562130263 1.3311391152 
0.4320000000 1.8645220818 1.3584562681 
0.4400000000 1.8703986265 1.3832447299 
0.4480000000 1.8738766710 1.4055191468 
0.4560000000 1.8749996918 1.4253037497 
0.4640000000 1.8738203946 1.4426321363 
0.4720000000 1.8704004394 1.4575470164 
0.4800000000 1.8648101302 1.4700999208 
0.4880000000 1.8571280692 1.4803508747 
0.4960000000 1.8474407782 1.4883680378 
0.5040000000 1.8358422876 1.4942273130 
0.5120000000 1.8224336960 1.4980119234 
0.5200000000 1.8073227013 1.4998119627 
0.5280000000 1.7906231055 1.4997239174 
0.5360000000 1.7724542956 1.4978501659 
0.5440000000 1.7529407029 1.4942984546 
0.5520000000 1.7322112417 1.4891813543 
0.5600000000 1.7103987316 1.4826156988 
0.5680000000 1.6876393045 1.4747220087 
0.5760000000 1.6640717993 1.4656239017 
0.5840000000 1.6398371465 1.4554474928 
0.5920000000 1.6150777459 1.4443207874 
0.6000000000 1.5899368393 1.4323730686 
0.6080000000 1.5645578807 1.4197342818 
0.6160000000 1.5390839080 1.4065344200 
0.6240000000 1.5136569170 1.3929029115 
0.6320000000 1.4884172413 1.3789680123 
0.6400000000 1.4635029409 1.3648562072 
0.6480000000 1.4390492010 1.3506916207 
0.6560000000 1.4151877448 1.3365954407 
0.6640000000 1.3920462614 1.3226853576 
0.6720000000 1.3697478530 1.3090750214 
0.6800000000 1.3484105008 1.2958735177 
0.6880000000 1.3281465557 1.2831848666 
0.6960000000 1.3090622517 1.2711075459 
0.7040000000 1.2912572477 1.2597340400 
0.7120000000 1.2748241973 1.2491504171 
0.7200000000 1.2598483491 1.2394359365 
0.7280000000 1.2464071792 1.2306626872 
0.7360000000 1.2345700576 1.2228952596 
0.7440000000 1.2243979493 1.2161904518 
0.7520000000 1.2159431522 1.2105970112 
0.7600000000 1.2092490716 1.2061554136 
0.7680000000 1.2043500337 1.2028976787 
0.7760000000 1.2012711381 1.2008472257 
0.7840000000 1.2000281496 1.2000187663 
0.7920000000 1.2006274308 1.2004182386 
0.8000000000 1.2030659142 1.2020427797 
0.8080000000 1.2073311159 1.2048807391 
0.8160000000 1.2134011889 1.2089117312 
0.8240000000 1.2212450173 1.2141067280 
0.8320000000 1.2308223500 1.2204281905 
0.8400000000 1.2420839740 1.2278302394 
0.8480000000 1.2549719256 1.2362588630 
0.8560000000 1.2694197408 1.2456521630 
0.8640000000 1.2853527406 1.2559406361 
0.8720000000 1.3026883532 1.2670474897 
0.8800000000 1.3213364694 1.2788889926 
0.8880000000 1.3411998318 1.2913748566 
0.8960000000 1.3621744537 1.3044086489 
0.9040000000 1.3841500685 1.3178882337 
0.9120000000 1.4070106063 1.3317062402 
0.9200000000 1.4306346953 1.3457505556 
0.9280000000 1.4548961879 1.3599048408 
0.9360000000 1.4796647068 1.3740490676 
0.9440000000 1.5048062109 1.3880600732 
0.9520000000 1.5301835773 1.4018121314 
0.9600000000 1.5556571982 1.4151775377 
0.9680000000 1.5810855887 1.4280272048 
0.9760000000 1.6063260042 1.4402312679 
0.9840000000 1.6312350648 1.4516596949 
0.9920000000 1.6556693828 1.4621829013 
1.0000000000 1.6794861928 1.4716723653 
1.0080000000 1.7025439796 1.4800012418 
1.0160000000 1.7247031028 1.4870449714 
1.0240000000 1.7458264149 1.4926818835 
1.0320000000 1.7657798705 1.4967937894 
1.0400000000 1.7844331237 1.4992665635 
1.0480000000 1.8016601114 1.4999907103 
1.0560000000 1.8173396210 1.4988619145 
1.0640000000 1.8313558381 1.4957815720 
1.0720000000 1.8435988736 1.4906572989 
1.0800000000 1.8539652674 1.4834034180 
1.0880000000 1.8623584670 1.4739414183 
1.0960000000 1.8686892778 1.4622003873 
1.1040000000 1.8728762847 1.4481174138 
1.1120000000 1.8748462419 1.4316379592 
1.1200000000 1.8745344310 1.4127161954 
1.1280000000 1.8718849833 1.3913153088 
1.1360000000 1.8668511674 1.3674077677 
1.1440000000 1.8593956394 1.3409755534 
1.1520000000 1.8494906552 1.3120103521 
1.1600000000 1.8371182438 1.2805137090 
1.1680000000 1.8222703407 1.2464971410 
1.1760000000 1.8049488812 1.2099822104 
1.1840000000 1.7851658525 1.1993311480 
1.1920000000 1.7629433052 1.1962927215 
1.2000000000 1.7383133234 1.1908127135 
1.2080000000 1.7113179534 1.1829135625 
1.2160000000 1.6820090920 1.1726276125 
1.2240000000 1.6504483338 1.1599969802 
1.2320000000 1.6167067791 1.1450733832 
1.2400000000 1.5808648019 1.1279179275 
1.2480000000 1.5430117804 1.1086008580 
1.2560000000 1.5032457895 1.0872012703 
1.2640000000 1.4616732576 1.0638067873 
1.2720000000 1.4184085886 1.0385132001 
1.2800000000 1.3735737504 1.0114240758 
1.2880000000 1.3272978322 0.9826503336 
1.2960000000 1.2797165719 0.9523097905 
1.3040000000 1.2309718548 0.9205266791 
1.3120000000 1.1812111873 0.8874311384 
1.3200000000 1.1305871461 0.8531586816 
1.3280000000 1.0792568060 0.8178496408 
1.3360000000 1.0273811477 0.7816485923 
1.3440000000 0.9751244496 0.7447037651 
1.3520000000 0.9226536641 0.7071664336 
1.3600000000 0.8701377822 0.6691902982 
1.3680000000 0.8177471885 0.6309308561 
1.3760000000 0.7656530092 0.5925447644 
1.3840000000 0.7140264559 0.5541891989 
1.3920000000 0.6630381679 0.5160212104 
1.4000000000 0.6128575546 0.4781970817 
1.4080000000 0.5636521428 0.4408716875 
1.4160000000 0.5155869293 0.4041978603 
1.4240000000 0.4688237425 0.3683257650 
1.4320000000 0.4235206160 0.3334022836 
1.4400000000 0.3798311753 0.2995704136 
1.4480000000 0.3379040417 0.2669686833 
1.4560000000 0.2978822549 0.2357305838 
1.4640000000 0.2599027161 0.2059840225 
1.4720000000 0.2240956554 0.1778507999 
1.4800000000 0.1905841246 0.1514461103 
1.4880000000 0.1594835172 0.1268780703 
1.4960000000 0.1309011183 0.1042472764 
1.5040000000 0.1049356859 0.0836463927 
1.5120000000 0.0816770652 0.0651597715 
1.5200000000 0.0612058378 0.0488631082 
1.5280000000 0.0435930063 0.0348231312 
1.5360000000 0.0288997172 0.0230973286 
1.5440000000 0.0171770214 0.0137337129 
1.5520000000 0.0084656747 0.0067706243 
1.5600000000 0.0027959783 0.0022365740 
1.5680000000 0.0001876600 0.0001501271 
1.5760000000 0.0006497974 0.0005198266 
1.5840000000 0.0041807820 0.0033441590 
1.5920000000 0.0107683259 0.0086115596 
1.6000000000 0.0203895093 0.0163004606 
