0.0000000000 -0.0000000000 0.0000000000 
0.0080000000 0.0033781254 0.0030709516 
0.0160000000 0.0134996126 0.0122712319 
0.0240000000 0.0303258469 0.0275631696 
0.0320000000 0.0537926430 0.0488841503 
0.0400000000 0.0838105029 0.0761468729 
0.0480000000 0.1202649753 0.1092397075 
0.0560000000 0.1630171165 0.1480271521 
0.0640000000 0.2119040476 0.1923503875 
0.0720000000 0.2667396100 0.2420279278 
0.0800000000 0.3273151123 0.2968563632 
0.0880000000 0.3934001696 0.3566111930 
0.0960000000 0.4647436280 0.4210477450 
0.1040000000 0.5410745733 0.4899021772 
0.1120000000 0.6221034188 0.5628925580 
0.1200000000 0.7075230672 0.6397200209 
0.1280000000 0.7970101430 0.7200699880 
0.1360000000 0.8902262894 0.8036134582 
0.1440000000 0.9868195253 0.8900083541 
0.1520000000 1.0864256555 0.9789009232 
0.1600000000 1.1886697308 1.0699271856 
0.1680000000 1.2931675487 1.1627144250 
0.1760000000 1.3995271918 1.2568827147 
0.1840000000 1.5073505956 1.3520464729 
0.1920000000 1.6162351399 1.4478160419 
0.2000000000 1.7257752578 1.5437992835 
0.2080000000 1.8355640552 1.6396031844 
0.2160000000 1.9451949339 1.7348354658 
0.2240000000 2.0542632127 1.8291061895 
0.2320000000 2.1623677390 1.9220293542 
0.2400000000 2.2691124851 2.0132244767 
0.2480000000 2.3741081218 2.1023181492 
0.2560000000 2.4769735637 2.1889455685 
0.2640000000 2.5773374798 2.2727520299 
0.2720000000 2.6748397624 2.3533943791 
0.2800000000 2.7691329503 2.4305424180 
0.2880000000 2.8598835976 2.5038802560 
0.2960000000 2.9467735860 2.5731076037 
0.3040000000 3.0295013721 2.6379410028 
0.3120000000 3.1077831665 2.6981149863 
0.3200000000 3.1813540399 2.7533831657 
0.3280000000 3.2499689508 2.8035192397 
0.3360000000 3.3134036912 2.8483179212 
0.3440000000 3.3714557466 2.8875957773 
0.3520000000 3.4239450666 2.9211919808 
0.3600000000 3.4707147434 2.9489689686 
0.3680000000 3.5116315942 2.9708130051 
0.3760000000 3.5465866477 2.9866346475 
0.3840000000 3.5754955294 2.9963691127 
0.3920000000 3.5982987478 2.9999765417 
0.4000000000 3.6149618771 3.0324815905 
0.4080000000 3.6254756378 3.0621749198 
0.4160000000 3.6298558750 3.0856971487 
0.4240000000 3.6281434322 3.1030695212 
0.4320000000 3.6204039250 3.1143381113 
0.4400000000 3.6067274114 3.1195735147 
0.4480000000 3.5872279639 3.1188704396 
0.4560000000 3.5620431428 3.1123472006 
0.4640000000 3.5313333739 3.1001451156 
0.4720000000 3.4952812328 3.0824278099 
0.4800000000 3.4540906393 3.0593804300 
0.4880000000 3.4079859647 3.0312087702 
0.4960000000 3.3572110559 2.9981383156 
0.5040000000 3.3020281809 2.9604132062 
0.5120000000 3.2427168989 2.9182951263 
0.5200000000 3.1795728611 2.8720621225 
0.5280000000 3.1129065457 2.8220073577 
0.5360000000 3.0430419337 2.7684378040 
0.5440000000 2.9703151298 2.7116728815 
0.5520000000 2.8950729355 2.6520430480 
0.5600000000 2.8176713782 2.5898883454 
0.5680000000 2.7384742050 2.5255569092 
0.5760000000 2.6578513446 2.4594034470 
0.5840000000 2.5761773469 2.3917876931 
0.5920000000 2.4938298026 2.3230728441 
0.6000000000 2.4111877542 2.2536239835 
0.6080000000 2.3286300999 2.1838065011 
0.6160000000 2.2465340018 2.1139845139 
0.6240000000 2.1652733006 2.0445192951 
0.6320000000 2.0852169468 1.9757677178 
0.6400000000 2.0067274529 1.9080807192 
0.6480000000 1.9301593731 1.8418017927 
0.6560000000 1.8558578181 1.7772655140 
0.6640000000 1.7841570092 1.7147961055 
0.6720000000 1.7153788797 1.6547060482 
0.6800000000 1.6498317268 1.5972947437 
0.6880000000 1.5878089228 1.5428472337 
0.6960000000 1.5295876878 1.4916329820 
0.7040000000 1.4754279308 1.4439047231 
0.7120000000 1.4255711635 1.3998973833 
0.7200000000 1.3802394915 1.3598270789 
0.7280000000 1.3396346858 1.3238901939 
0.7360000000 1.3039373408 1.2922625429 
0.7440000000 1.2733061197 1.2650986221 
0.7520000000 1.2478770920 1.2425309510 
0.7600000000 1.2277631659 1.2246695079 
0.7680000000 1.2130536165 1.2116012616 
0.7760000000 1.2038137137 1.2033898013 
0.7840000000 1.2000844490 1.2000750657 
0.7920000000 1.2018823654 1.2016731731 
0.8000000000 1.2091994873 1.2081763528 
0.8080000000 1.2220033549 1.2195529781 
0.8160000000 1.2402371587 1.2357477011 
0.8240000000 1.2638199772 1.2566816879 
0.8320000000 1.2926471144 1.2822529549 
0.8400000000 1.3265905368 1.3123368022 
0.8480000000 1.3654994081 1.3467863454 
0.8560000000 1.4092007187 1.3854331410 
0.8640000000 1.4575000084 1.4280879039 
0.8720000000 1.5101821781 1.4745413147 
0.8800000000 1.5670123888 1.5245649120 
0.8880000000 1.6277370423 1.5779120670 
0.8960000000 1.6920848413 1.6343190365 
0.9040000000 1.7597679234 1.6935060887 
0.9120000000 1.8304830647 1.7551786987 
0.9200000000 1.9039129479 1.8190288082 
0.9280000000 1.9797274905 1.8847361434 
0.9360000000 2.0575852258 1.9519695866 
0.9440000000 2.1371347337 2.0203885960 
0.9520000000 2.2180161121 2.0896446662 
0.9600000000 2.2998624863 2.1593828258 
0.9680000000 2.3823015475 2.2292431636 
0.9760000000 2.4649571150 2.2988623787 
0.9840000000 2.5474507167 2.3678753468 
0.9920000000 2.6294031793 2.4359166977 
1.0000000000 2.7104362232 2.5026223957 
1.0080000000 2.7901740557 2.5676313179 
1.0160000000 2.8682449541 2.6305868227 
1.0240000000 2.9442828345 2.6911383031 
1.0320000000 3.0179287980 2.7489427169 
1.0400000000 3.0888326493 2.8036660892 
1.0480000000 3.1566543801 2.8549849790 
1.0560000000 3.2210656123 2.9025879058 
1.0640000000 3.2817509945 2.9461767283 
1.0720000000 3.3384095458 2.9854679712 
1.0800000000 3.3907559426 3.0201940932 
1.0880000000 3.4385217407 3.0501046920 
1.0960000000 3.4814565304 3.0749676399 
1.1040000000 3.5193290179 3.0945701471 
1.1120000000 3.5519280288 3.1087197461 
1.1200000000 3.5790634309 3.1172451954 
1.1280000000 3.6005669701 3.1199972956 
1.1360000000 3.6162930181 3.1168496184 
1.1440000000 3.6261192276 3.1076991416 
1.1520000000 3.6299470927 3.0924667896 
1.1600000000 3.6277024119 3.0710978770 
1.1680000000 3.6193356515 3.0435624517 
1.1760000000 3.6048222092 3.0098555384 
1.1840000000 3.5841625745 2.9983278700 
1.1920000000 3.5573823874 2.9907318036 
1.2000000000 3.5245323936 2.9770317837 
1.2080000000 3.4856882972 2.9572839063 
1.2160000000 3.4409505107 2.9315690312 
1.2240000000 3.3904438042 2.8999924506 
1.2320000000 3.3343168538 2.8626834579 
1.2400000000 3.2727416931 2.8197948187 
1.2480000000 3.2059130673 2.7715021449 
1.2560000000 3.1340476950 2.7180031758 
1.2640000000 3.0573834386 2.6595169683 
1.2720000000 2.9761783887 2.5962830001 
1.2800000000 2.8907098640 2.5285601894 
1.2880000000 2.8012733326 2.4566258339 
1.2960000000 2.7081812577 2.3807744763 
1.3040000000 2.6117618734 2.3013166977 
1.3120000000 2.5123578949 2.2185778460 
1.3200000000 2.4103251686 2.1328967041 
1.3280000000 2.3060312671 2.0446241019 
1.3360000000 2.1998540361 1.9541214807 
1.3440000000 2.0921800973 1.8617594128 
1.3520000000 1.9834033146 1.7679160841 
1.3600000000 1.8739232296 1.6729757456 
1.3680000000 1.7641434726 1.5773271402 
1.3760000000 1.6544701557 1.4813619110 
1.3840000000 1.5453102543 1.3854729973 
1.3920000000 1.4370699835 1.2900530261 
1.4000000000 1.3301531772 1.1954927043 
1.4080000000 1.2249596740 1.1021792186 
1.4160000000 1.1218837198 1.0104946508 
1.4240000000 1.0213123901 0.9208144126 
1.4320000000 0.9236240413 0.8335057089 
1.4400000000 0.8291867957 0.7489260341 
1.4480000000 0.7383570667 0.6674217083 
1.4560000000 0.6514781305 0.5893264594 
1.4640000000 0.5688787498 0.5149600562 
1.4720000000 0.4908718552 0.4446269997 
1.4800000000 0.4177532900 0.3786152757 
1.4880000000 0.3498006227 0.3171951758 
1.4960000000 0.2872720330 0.2606181911 
1.5040000000 0.2304052749 0.2091159818 
1.5120000000 0.1794167225 0.1628994288 
1.5200000000 0.1345005001 0.1221577706 
1.5280000000 0.0958277032 0.0870578281 
1.5360000000 0.0635457102 0.0577433216 
1.5440000000 0.0377775908 0.0343342822 
1.5520000000 0.0186216112 0.0169265608 
1.5600000000 0.0061508393 0.0055914350 
1.5680000000 0.0004128506 0.0003753176 
1.5760000000 0.0014295374 0.0012995666 
1.5840000000 0.0091970206 0.0083603975 
1.5920000000 0.0236856653 0.0215288991 
1.6000000000 0.0448402002 0.0407511515 
