0.0000000000 0.0000000000 0.0000000000 
0.0080000000 0.0039923157 0.0036851419 
0.0160000000 0.0159538590 0.0147254783 
0.0240000000 0.0358384809 0.0330758036 
0.0320000000 0.0635694731 0.0586609803 
0.0400000000 0.0990398774 0.0913762475 
0.0480000000 0.1421129168 0.1310876490 
0.0560000000 0.1926225469 0.1776325825 
0.0640000000 0.2503741251 0.2308204650 
0.0720000000 0.3151451955 0.2904335134 
0.0800000000 0.3866863850 0.3562276358 
0.0880000000 0.4647224082 0.4279334316 
0.0960000000 0.5489531770 0.5052572940 
0.1040000000 0.6390550087 0.5878826126 
0.1120000000 0.7346819304 0.6754710696 
0.1200000000 0.8354670714 0.7676640251 
0.1280000000 0.9410241406 0.8640839856 
0.1360000000 1.0509489811 0.9643361498 
0.1440000000 1.1648211961 1.0680100250 
0.1520000000 1.2822058402 1.1746811078 
0.1600000000 1.4026551679 1.2839126227 
0.1680000000 1.5257104337 1.3952573100 
0.1760000000 1.6509037348 1.5082592576 
0.1840000000 1.7777598902 1.6224557674 
0.1920000000 1.9057983483 1.7373792503 
0.2000000000 2.0345351145 1.8525591401 
0.2080000000 2.1634846921 1.9675238213 
0.2160000000 2.2921620271 2.0818025590 
0.2240000000 2.4200844506 2.1949274274 
0.2320000000 2.5467736098 2.3064352251 
0.2400000000 2.6717573804 2.4158693721 
0.2480000000 2.7945717516 2.5227817790 
0.2560000000 2.9147626774 2.6267346822 
0.2640000000 3.0318878857 2.7273024358 
0.2720000000 3.1455186382 2.8240732550 
0.2800000000 3.2552414339 2.9166509016 
0.2880000000 3.3606596488 3.0046563072 
0.2960000000 3.4613951068 3.0877291244 
0.3040000000 3.5570895726 3.1655292034 
0.3120000000 3.6474061638 3.2377379836 
0.3200000000 3.7320306731 3.3040597988 
0.3280000000 3.8106727988 3.3642230877 
0.3360000000 3.8830672754 3.4179815054 
0.3440000000 3.9489749020 3.4651149327 
0.3520000000 4.0081834628 3.5054303769 
0.3600000000 4.0605085371 3.5387627623 
0.3680000000 4.1057941952 3.5649756061 
0.3760000000 4.1439135772 3.5839615771 
0.3840000000 4.1747693520 3.5956429352 
0.3920000000 4.1982940562 3.5999718501 
0.4000000000 4.2144503098 3.6319700232 
0.4080000000 4.2232309090 3.6599301910 
0.4160000000 4.2246587952 3.6805000690 
0.4240000000 4.2187869009 3.6937129898 
0.4320000000 4.2056978727 3.6996320590 
0.4400000000 4.1855036730 3.6983497763 
0.4480000000 4.1583450615 3.6899875373 
0.4560000000 4.1243909598 3.6746950176 
0.4640000000 4.0838377004 3.6526494420 
0.4720000000 4.0369081640 3.6240547411 
0.4800000000 3.9838508091 3.5891405998 
0.4880000000 3.9249385965 3.5481614020 
0.4960000000 3.8604678151 3.5013950748 
0.5040000000 3.7907568119 3.4491418373 
0.5120000000 3.7161446332 3.3917228606 
0.5200000000 3.6369895811 3.3294788425 
0.5280000000 3.5536676925 3.2627685044 
0.5360000000 3.4665711464 3.1919670166 
0.5440000000 3.3761066055 3.1174643571 
0.5520000000 3.2826935001 3.0396636126 
0.5600000000 3.1867622604 2.9589792276 
0.5680000000 3.0887525051 2.8758352093 
0.5760000000 2.9891111931 2.7906632955 
0.5840000000 2.8882907470 2.7039010933 
0.5920000000 2.7867471549 2.6159901964 
0.6000000000 2.6849380591 2.5273742885 
0.6080000000 2.5833208397 2.4384972408 
0.6160000000 2.4823506997 2.3498012118 
0.6240000000 2.3824787618 2.2617247563 
0.6320000000 2.2841501820 2.1747009530 
0.6400000000 2.1878022902 2.0891555565 
0.6480000000 2.0938627638 2.0055051834 
0.6560000000 2.0027478425 1.9241555384 
0.6640000000 1.9148605918 1.8454996881 
0.6720000000 1.8305892219 1.7699163904 
0.6800000000 1.7503054688 1.6977684856 
0.6880000000 1.6743630452 1.6294013561 
0.6960000000 1.6030961665 1.5651414607 
0.7040000000 1.5368181584 1.5052949508 
0.7120000000 1.4758201523 1.4501463721 
0.7200000000 1.4203698723 1.3999574597 
0.7280000000 1.3707105214 1.3549660294 
0.7360000000 1.3270597686 1.3153849706 
0.7440000000 1.2896088431 1.2814013455 
0.7520000000 1.2585217386 1.2531755976 
0.7600000000 1.2339345306 1.2308408726 
0.7680000000 1.2159548108 1.2145024559 
0.7760000000 1.2046612389 1.2042373265 
0.7840000000 1.2001032155 1.2000938322 
0.7920000000 1.2023006769 1.2020914846 
0.8000000000 1.2112440117 1.2102208772 
0.8080000000 1.2268941013 1.2244437245 
0.8160000000 1.2491824820 1.2446930243 
0.8240000000 1.2780116305 1.2708733412 
0.8320000000 1.3132553691 1.3028612096 
0.8400000000 1.3547593911 1.3405056565 
0.8480000000 1.4023419023 1.3836288396 
0.8560000000 1.4557943780 1.4320268003 
0.8640000000 1.5148824310 1.4854703265 
0.8720000000 1.5793467864 1.5437059230 
0.8800000000 1.6489043619 1.6064568851 
0.8880000000 1.7232494457 1.6734244705 
0.8960000000 1.8020549705 1.7442891657 
0.9040000000 1.8849738751 1.8187120403 
0.9120000000 1.9716405509 1.8963361848 
0.9200000000 2.0616723655 1.9767882257 
0.9280000000 2.1546712580 2.0596799109 
0.9360000000 2.2502253988 2.1446097596 
0.9440000000 2.3479109079 2.2311647702 
0.9520000000 2.4472936237 2.3189221778 
0.9600000000 2.5479309157 2.4074512551 
0.9680000000 2.6493735337 2.4963151499 
0.9760000000 2.7511674853 2.5850727489 
0.9840000000 2.8528559340 2.6732805641 
0.9920000000 2.9539811114 2.7604946299 
1.0000000000 3.0540862334 2.8462724059 
1.0080000000 3.1527174144 2.9301746766 
1.0160000000 3.2494255712 3.0117674398 
1.0240000000 3.3437683076 3.0906237762 
1.0320000000 3.4353117738 3.1663256927 
1.0400000000 3.5236324912 3.2384659311 
1.0480000000 3.6083191364 3.3066497353 
1.0560000000 3.6889742761 3.3704965696 
1.0640000000 3.7652160466 3.4296417804 
1.0720000000 3.8366797699 3.4837381953 
1.0800000000 3.9030195010 3.5324576516 
1.0880000000 3.9639094986 3.5754924499 
1.0960000000 4.0190456146 3.6125567241 
1.1040000000 4.0681465956 3.6433877248 
1.1120000000 4.1109552911 3.6677470085 
1.1200000000 4.1472397643 3.6854215287 
1.1280000000 4.1767942991 3.6962246245 
1.1360000000 4.1994403017 3.6999969020 
1.1440000000 4.2150270904 3.6966070043 
1.1520000000 4.2234325719 3.6859522688 
1.1600000000 4.2245638012 3.6679592663 
1.1680000000 4.2183574217 3.6425842220 
1.1760000000 4.2047799852 3.6098133144 
1.1840000000 4.1838281485 3.5979934440 
1.1920000000 4.1555287481 3.5888781644 
1.2000000000 4.1199387504 3.5724381404 
1.2080000000 4.0771450785 3.5487406876 
1.2160000000 4.0272643170 3.5178828375 
1.2240000000 3.9704422943 3.4799909407 
1.2320000000 3.9068535454 3.4352201495 
1.2400000000 3.8367006569 3.3837537825 
1.2480000000 3.7602134963 3.3258025739 
1.2560000000 3.6776483301 3.2616038109 
1.2640000000 3.5892868322 3.1914203619 
1.2720000000 3.4954349887 3.1155396002 
1.2800000000 3.3964219019 3.0342722273 
1.2880000000 3.2925984994 2.9479510007 
1.2960000000 3.1843361529 2.8569293716 
1.3040000000 3.0720252129 2.7615800372 
1.3120000000 2.9560734641 2.6622934153 
1.3200000000 2.8369045094 2.5594760449 
1.3280000000 2.7149560875 2.4535489223 
1.3360000000 2.5906783323 2.3449457769 
1.3440000000 2.4645319799 2.2341112954 
1.3520000000 2.3369865314 2.1214993009 
1.3600000000 2.2085183787 2.0075708947 
1.3680000000 2.0796089006 1.8927925682 
1.3760000000 1.9507425379 1.7776342932 
1.3840000000 1.8224048538 1.6625675968 
1.3920000000 1.6950805888 1.5480636313 
1.4000000000 1.5692517180 1.4345912451 
1.4080000000 1.4453955177 1.3226150624 
1.4160000000 1.3239826499 1.2125935809 
1.4240000000 1.2054752726 1.1049772951 
1.4320000000 1.0903251831 1.0002068507 
1.4400000000 0.9789720025 0.8987112409 
1.4480000000 0.8718414084 0.8009060500 
1.4560000000 0.7693434224 0.7071917513 
1.4640000000 0.6718707611 0.6179520675 
1.4720000000 0.5797972552 0.5335523996 
1.4800000000 0.4934763452 0.4543383308 
1.4880000000 0.4132396579 0.3806342110 
1.4960000000 0.3393956712 0.3127418293 
1.5040000000 0.2722284713 0.2509391781 
1.5120000000 0.2119966083 0.1954793145 
1.5200000000 0.1589320543 0.1465893247 
1.5280000000 0.1132392688 0.1044693937 
1.5360000000 0.0750943745 0.0692919859 
1.5440000000 0.0446444472 0.0412011387 
1.5520000000 0.0220069234 0.0203118730 
1.5600000000 0.0072691263 0.0067097220 
1.5680000000 0.0004879141 0.0004503812 
1.5760000000 0.0016894507 0.0015594799 
1.5840000000 0.0108691001 0.0100324770 
1.5920000000 0.0279914451 0.0258346789 
1.6000000000 0.0529904305 0.0489013817 
