0.0000000000 0.0000000000 0.0000000000 
0.0080000000 0.0009213641 0.0006141903 
0.0160000000 0.0036826270 0.0024542464 
0.0240000000 0.0082753112 0.0055126339 
0.0320000000 0.0146853228 0.0097768301 
0.0400000000 0.0228930045 0.0152293746 
0.0480000000 0.0328732094 0.0218479415 
0.0560000000 0.0445953948 0.0296054304 
0.0640000000 0.0580237376 0.0384700775 
0.0720000000 0.0731172677 0.0484055856 
0.0800000000 0.0898300218 0.0593712726 
0.0880000000 0.1081112152 0.0713222386 
0.0960000000 0.1279054320 0.0842095490 
0.1040000000 0.1491528316 0.0979804354 
0.1120000000 0.1717893724 0.1125785116 
0.1200000000 0.1957470505 0.1279440042 
0.1280000000 0.2209541526 0.1440139976 
0.1360000000 0.2473355229 0.1607226916 
0.1440000000 0.2748128420 0.1780016708 
0.1520000000 0.3033049170 0.1957801846 
0.1600000000 0.3327279824 0.2139854371 
0.1680000000 0.3629960087 0.2325428850 
0.1760000000 0.3940210201 0.2513765429 
0.1840000000 0.4257134173 0.2704092946 
0.1920000000 0.4579823064 0.2895632084 
0.2000000000 0.4907358311 0.3087598567 
0.2080000000 0.5238815077 0.3279206369 
0.2160000000 0.5573265613 0.3469670932 
0.2240000000 0.5909782611 0.3658212379 
0.2320000000 0.6247442556 0.3844058708 
0.2400000000 0.6585329037 0.4026448953 
0.2480000000 0.6922536024 0.4204636298 
0.2560000000 0.7258171089 0.4377891137 
0.2640000000 0.7591358559 0.4545504060 
0.2720000000 0.7921242591 0.4706788758 
0.2800000000 0.8246990158 0.4861084836 
0.2880000000 0.8567793928 0.5007760512 
0.2960000000 0.8882875031 0.5146215207 
0.3040000000 0.9191485698 0.5275882006 
0.3120000000 0.9492911774 0.5396229973 
0.3200000000 0.9786475074 0.5506766331 
0.3280000000 1.0071535590 0.5607038479 
0.3360000000 1.0347493542 0.5696635842 
0.3440000000 1.0613791248 0.5775191555 
0.3520000000 1.0869914820 0.5842383962 
0.3600000000 1.1115395685 0.5897937937 
0.3680000000 1.1349811902 0.5941626010 
0.3760000000 1.1572789296 0.5973269295 
0.3840000000 1.1784002393 0.5992738225 
0.3920000000 1.1983175145 0.5999953083 
0.4000000000 1.2170081461 0.6345278595 
0.4080000000 1.2344545532 0.6711538352 
0.4160000000 1.2506441940 0.7064854678 
0.4240000000 1.2655695576 0.7404956465 
0.4320000000 1.2792281341 0.7731623204 
0.4400000000 1.2916223649 0.8044684683 
0.4480000000 1.3027595734 0.8344020492 
0.4560000000 1.3126518748 0.8629559327 
0.4640000000 1.3213160681 0.8901278098 
0.4720000000 1.3287735082 0.9159200853 
0.4800000000 1.3350499604 0.9403397511 
0.4880000000 1.3401754373 0.9633982429 
0.4960000000 1.3441840189 0.9851112786 
0.5040000000 1.3471136565 1.0054986819 
0.5120000000 1.3490059617 1.0245841891 
0.5200000000 1.3499059813 1.0423952427 
0.5280000000 1.3498619587 1.0589627707 
0.5360000000 1.3489250830 1.0743209532 
0.5440000000 1.3471492273 1.0885069790 
0.5520000000 1.3445906771 1.1015607897 
0.5600000000 1.3413078494 1.1135248166 
0.5680000000 1.3373610044 1.1244437086 
0.5760000000 1.3328119508 1.1343640532 
0.5840000000 1.3277237464 1.1433340927 
0.5920000000 1.3221603937 1.1514034352 
0.6000000000 1.3161865343 1.1586227636 
0.6080000000 1.3098671409 1.1650435420 
0.6160000000 1.3032672100 1.1707177221 
0.6240000000 1.2964514557 1.1756974503 
0.6320000000 1.2894840061 1.1800347771 
0.6400000000 1.2824281036 1.1837813699 
0.6480000000 1.2753458103 1.1869882300 
0.6560000000 1.2682977203 1.1897054162 
0.6640000000 1.2613426788 1.1919817750 
0.6720000000 1.2545375107 1.1938646792 
0.6800000000 1.2479367588 1.1953997757 
0.6880000000 1.2415924333 1.1966307442 
0.6960000000 1.2355537729 1.1975990672 
0.7040000000 1.2298670200 1.1983438123 
0.7120000000 1.2245752085 1.1989014284 
0.7200000000 1.2197179683 1.1993055557 
0.7280000000 1.2153313436 1.1995868516 
0.7360000000 1.2114476298 1.1997728318 
0.7440000000 1.2080952259 1.1998877283 
0.7520000000 1.2052985056 1.1999523646 
0.7600000000 1.2030777068 1.1999840488 
0.7680000000 1.2014488394 1.1999964844 
0.7760000000 1.2004236129 1.1999997005 
0.7840000000 1.2000093832 1.1999999999 
0.7920000000 1.2002091193 1.1999999271 
0.8000000000 1.2010213898 1.1999982553 
0.8080000000 1.2024403695 1.1999899928 
0.8160000000 1.2044558656 1.1999664079 
0.8240000000 1.2070533640 1.1999150747 
0.8320000000 1.2102140953 1.1998199357 
0.8400000000 1.2139151197 1.1996613851 
0.8480000000 1.2181294315 1.1994163688 
0.8560000000 1.2228260815 1.1990585037 
0.8640000000 1.2279703180 1.1985582135 
0.8720000000 1.2335237449 1.1978828814 
0.8800000000 1.2394444963 1.1969970195 
0.8880000000 1.2456874283 1.1958624531 
0.8960000000 1.2522043244 1.1944385197 
0.9040000000 1.2589441169 1.1926822821 
0.9120000000 1.2658531201 1.1905487541 
0.9200000000 1.2728752778 1.1879911380 
0.9280000000 1.2799524204 1.1849610733 
0.9360000000 1.2870245338 1.1814088946 
0.9440000000 1.2940300366 1.1772838989 
0.9520000000 1.3009060657 1.1725346198 
0.9600000000 1.3075887688 1.1671091083 
0.9680000000 1.3140136024 1.1609552186 
0.9760000000 1.3201156339 1.1540208976 
0.9840000000 1.3258298474 1.1462544776 
0.9920000000 1.3310914506 1.1376049691 
1.0000000000 1.3358361827 1.1280223552 
1.0080000000 1.3400006209 1.1174578831 
1.0160000000 1.3435224857 1.1058643543 
1.0240000000 1.3463409418 1.0931964104 
1.0320000000 1.3483968947 1.0794108136 
1.0400000000 1.3496332818 1.0644667217 
1.0480000000 1.3499953552 1.0483259541 
1.0560000000 1.3494309573 1.0309532508 
1.0640000000 1.3478907860 1.0123165198 
1.0720000000 1.3453286495 0.9923870748 
1.0800000000 1.3417017090 0.9711398596 
1.0880000000 1.3369707092 0.9485536604 
1.0960000000 1.3311001937 0.9246113031 
1.1040000000 1.3240587069 0.8992998361 
1.1120000000 1.3158189796 0.8726106969 
1.1200000000 1.3063580977 0.8445398621 
1.1280000000 1.2956576544 0.8150879799 
1.1360000000 1.2837038839 0.7842604841 
1.1440000000 1.2704877767 0.7520676906 
1.1520000000 1.2560051761 0.7185248730 
1.1600000000 1.2402568545 0.6836523196 
1.1680000000 1.2232485705 0.6474753707 
1.1760000000 1.2049911052 0.6100244344 
1.1840000000 1.1855002785 0.5996655740 
1.1920000000 1.1647969445 0.5981463607 
1.2000000000 1.1429069667 0.5954063567 
1.2080000000 1.1198611722 0.5914567813 
1.2160000000 1.0956952858 0.5863138062 
1.2240000000 1.0704498437 0.5799984901 
1.2320000000 1.0441700875 0.5725366916 
1.2400000000 1.0169058381 0.5639589637 
1.2480000000 0.9887113514 0.5543004290 
1.2560000000 0.9596451544 0.5436006352 
1.2640000000 0.9297698640 0.5319033937 
1.2720000000 0.8991519886 0.5192566000 
1.2800000000 0.8678617125 0.5057120379 
1.2880000000 0.8359726655 0.4913251668 
1.2960000000 0.8035616766 0.4761548953 
1.3040000000 0.7707085152 0.4602633395 
1.3120000000 0.7374956181 0.4437155692 
1.3200000000 0.7040078053 0.4265793408 
1.3280000000 0.6703319856 0.4089248204 
1.3360000000 0.6365568515 0.3908242961 
1.3440000000 0.6027725670 0.3723518826 
1.3520000000 0.5690704473 0.3535832168 
1.3600000000 0.5355426331 0.3345951491 
1.3680000000 0.5022817604 0.3154654280 
1.3760000000 0.4693806270 0.2962723822 
1.3840000000 0.4369318565 0.2770945995 
1.3920000000 0.4050275626 0.2580106052 
1.4000000000 0.3737590137 0.2390985409 
1.4080000000 0.3432162991 0.2204358437 
1.4160000000 0.3134879991 0.2020989302 
1.4240000000 0.2846608600 0.1841628825 
1.4320000000 0.2568194742 0.1667011418 
1.4400000000 0.2300459684 0.1497852068 
1.4480000000 0.2044197001 0.1334843417 
1.4560000000 0.1800169630 0.1178652919 
1.4640000000 0.1569107048 0.1029920112 
1.4720000000 0.1351702555 0.0889253999 
1.4800000000 0.1148610695 0.0757230551 
1.4880000000 0.0960444821 0.0634390352 
1.4960000000 0.0787774801 0.0521236382 
1.5040000000 0.0631124895 0.0418231964 
1.5120000000 0.0490971795 0.0325798858 
1.5200000000 0.0367742837 0.0244315541 
1.5280000000 0.0261814407 0.0174115656 
1.5360000000 0.0173510529 0.0115486643 
1.5440000000 0.0103101650 0.0068668564 
1.5520000000 0.0050803626 0.0033853122 
1.5600000000 0.0016776913 0.0011182870 
1.5680000000 0.0001125965 0.0000750635 
1.5760000000 0.0003898841 0.0002599133 
1.5840000000 0.0025087025 0.0016720795 
1.5920000000 0.0064625461 0.0043057798 
1.6000000000 0.0122392790 0.0081502303 
