0.0000000000 0.0000000000 0.0000000000 
0.0080000000 0.0003071738 0.0000000000 
0.0160000000 0.0012283806 0.0000000000 
0.0240000000 0.0027626773 0.0000000000 
0.0320000000 0.0049084928 0.0000000000 
0.0400000000 0.0076636300 0.0000000000 
0.0480000000 0.0110252679 0.0000000000 
0.0560000000 0.0149899644 0.0000000000 
0.0640000000 0.0195536601 0.0000000000 
0.0720000000 0.0247116821 0.0000000000 
0.0800000000 0.0304587492 0.0000000000 
0.0880000000 0.0367889766 0.0000000000 
0.0960000000 0.0436958830 0.0000000000 
0.1040000000 0.0511723962 0.0000000000 
0.1120000000 0.0592108608 0.0000000000 
0.1200000000 0.0678030463 0.0000000000 
0.1280000000 0.0769401550 0.0000000000 
0.1360000000 0.0866128313 0.0000000000 
0.1440000000 0.0968111711 0.0000000000 
0.1520000000 0.1075247324 0.0000000000 
0.1600000000 0.1187425453 0.0000000000 
0.1680000000 0.1304531237 0.0000000000 
0.1760000000 0.1426444772 0.0000000000 
0.1840000000 0.1553041227 0.0000000000 
0.1920000000 0.1684190980 0.0000000000 
0.2000000000 0.1819759744 0.0000000000 
0.2080000000 0.1959608709 0.0000000000 
0.2160000000 0.2103594681 0.0000000000 
0.2240000000 0.2251570232 0.0000000000 
0.2320000000 0.2403383847 0.0000000000 
0.2400000000 0.2558880084 0.0000000000 
0.2480000000 0.2717899726 0.0000000000 
0.2560000000 0.2880279952 0.0000000000 
0.2640000000 0.3045854499 0.0000000000 
0.2720000000 0.3214453833 0.0000000000 
0.2800000000 0.3385905322 0.0000000000 
0.2880000000 0.3560033417 0.0000000000 
0.2960000000 0.3736659823 0.0000000000 
0.3040000000 0.3915603693 0.0000000000 
0.3120000000 0.4096681802 0.0000000000 
0.3200000000 0.4279708742 0.0000000000 
0.3280000000 0.4464497111 0.0000000000 
0.3360000000 0.4650857700 0.0000000000 
0.3440000000 0.4838599693 0.0000000000 
0.3520000000 0.5027530859 0.0000000000 
0.3600000000 0.5217457748 0.0000000000 
0.3680000000 0.5408185891 0.0000000000 
0.3760000000 0.5599520001 0.0000000000 
0.3840000000 0.5791264168 0.0000000000 
0.3920000000 0.5983222061 0.0000000000 
0.4000000000 0.6175197134 0.0350394268 
0.4080000000 0.6366992820 0.0733985640 
0.4160000000 0.6558412738 0.1116825475 
0.4240000000 0.6749260889 0.1498521779 
0.4320000000 0.6939341863 0.1878683727 
0.4400000000 0.7128461033 0.2256922067 
0.4480000000 0.7316424758 0.2632849516 
0.4560000000 0.7503040579 0.3006081157 
0.4640000000 0.7688117417 0.3376234834 
0.4720000000 0.7871465771 0.3742931541 
0.4800000000 0.8052897907 0.4105795814 
0.4880000000 0.8232228055 0.4464456110 
0.4960000000 0.8409272597 0.4818545194 
0.5040000000 0.8583850254 0.5167700508 
0.5120000000 0.8755782274 0.5511564548 
0.5200000000 0.8924892614 0.5849785228 
0.5280000000 0.9091008119 0.6182016239 
0.5360000000 0.9253958703 0.6507917405 
0.5440000000 0.9413577517 0.6827155033 
0.5520000000 0.9569701125 0.7139402251 
0.5600000000 0.9722169672 0.7444339344 
0.5680000000 0.9870827042 0.7741654085 
0.5760000000 1.0015521024 0.8031042048 
0.5840000000 1.0156103463 0.8312206925 
0.5920000000 1.0292430415 0.8584860830 
0.6000000000 1.0424362293 0.8848724586 
0.6080000000 1.0551764011 0.9103528023 
0.6160000000 1.0674505121 0.9349010241 
0.6240000000 1.0792459945 0.9584919891 
0.6320000000 1.0905507710 0.9811015419 
0.6400000000 1.1013532663 1.0027065326 
0.6480000000 1.1116424197 1.0232848393 
0.6560000000 1.1214076959 1.0428153918 
0.6640000000 1.1306390962 1.0612781924 
0.6720000000 1.1393271685 1.0786543370 
0.6800000000 1.1474630168 1.0949260337 
0.6880000000 1.1550383109 1.1100766218 
0.6960000000 1.1620452942 1.1240905885 
0.7040000000 1.1684767923 1.1369535846 
0.7120000000 1.1743262198 1.1486524396 
0.7200000000 1.1795875874 1.1591751749 
0.7280000000 1.1842555080 1.1685110161 
0.7360000000 1.1883252020 1.1766504041 
0.7440000000 1.1917925024 1.1835850049 
0.7520000000 1.1946538590 1.1893077180 
0.7600000000 1.1969063420 1.1938126840 
0.7680000000 1.1985476451 1.1970952901 
0.7760000000 1.1995760876 1.1991521753 
0.7840000000 1.1999906167 1.1999812334 
0.7920000000 1.1997908078 1.1995816155 
0.8000000000 1.1989768655 1.1979537310 
0.8080000000 1.1975496232 1.1950992464 
0.8160000000 1.1955105423 1.1910210847 
0.8240000000 1.1928617107 1.1857234214 
0.8320000000 1.1896058405 1.1792116810 
0.8400000000 1.1857462654 1.1714925308 
0.8480000000 1.1812869373 1.1625738747 
0.8560000000 1.1762324222 1.1524648444 
0.8640000000 1.1705878955 1.1411757909 
0.8720000000 1.1643591366 1.1287182731 
0.8800000000 1.1575525232 1.1151050464 
0.8880000000 1.1501750248 1.1003500496 
0.8960000000 1.1422341952 1.0844683904 
0.9040000000 1.1337381652 1.0674763304 
0.9120000000 1.1246956340 1.0493912679 
0.9200000000 1.1151158602 1.0302317205 
0.9280000000 1.1050086529 1.0100173058 
0.9360000000 1.0943843608 0.9887687216 
0.9440000000 1.0832538623 0.9665077246 
0.9520000000 1.0716285541 0.9432571082 
0.9600000000 1.0595203395 0.9190406789 
0.9680000000 1.0469416161 0.8938832323 
0.9760000000 1.0339052637 0.8678105273 
0.9840000000 1.0204246301 0.8408492602 
0.9920000000 1.0065135185 0.8130270370 
1.0000000000 0.9921861725 0.7843723450 
1.0080000000 0.9774572622 0.7549145244 
1.0160000000 0.9623418686 0.7246837372 
1.0240000000 0.9468554686 0.6937109372 
1.0320000000 0.9310139189 0.6620278378 
1.0400000000 0.9148334399 0.6296668798 
1.0480000000 0.8983305989 0.5966611979 
1.0560000000 0.8815222935 0.5630445870 
1.0640000000 0.8644257339 0.5288514677 
1.0720000000 0.8470584254 0.4941168507 
1.0800000000 0.8294381506 0.4588763013 
1.0880000000 0.8115829513 0.4231659025 
1.0960000000 0.7935111095 0.3870222189 
1.1040000000 0.7752411292 0.3504822584 
1.1120000000 0.7567917173 0.3135834346 
1.1200000000 0.7381817644 0.2763635288 
1.1280000000 0.7194303255 0.2388606509 
1.1360000000 0.7005566003 0.2011132006 
1.1440000000 0.6815799139 0.1631598279 
1.1520000000 0.6625196969 0.1250393938 
1.1600000000 0.6433954652 0.0867909303 
1.1680000000 0.6242268002 0.0484536005 
1.1760000000 0.6050333292 0.0100666584 
1.1840000000 0.5858347045 0.0000000000 
1.1920000000 0.5666505838 0.0000000000 
1.2000000000 0.5475006099 0.0000000000 
1.2080000000 0.5284043909 0.0000000000 
1.2160000000 0.5093814795 0.0000000000 
1.2240000000 0.4904513536 0.0000000000 
1.2320000000 0.4716333959 0.0000000000 
1.2400000000 0.4529468744 0.0000000000 
1.2480000000 0.4344109224 0.0000000000 
1.2560000000 0.4160445192 0.0000000000 
1.2640000000 0.3978664703 0.0000000000 
1.2720000000 0.3798953885 0.0000000000 
1.2800000000 0.3621496746 0.0000000000 
1.2880000000 0.3446474987 0.0000000000 
1.2960000000 0.3274067814 0.0000000000 
1.3040000000 0.3104451757 0.0000000000 
1.3120000000 0.2937800489 0.0000000000 
1.3200000000 0.2774284645 0.0000000000 
1.3280000000 0.2614071652 0.0000000000 
1.3360000000 0.2457325554 0.0000000000 
1.3440000000 0.2304206845 0.0000000000 
1.3520000000 0.2154872305 0.0000000000 
1.3600000000 0.2009474840 0.0000000000 
1.3680000000 0.1868163324 0.0000000000 
1.3760000000 0.1731082448 0.0000000000 
1.3840000000 0.1598372570 0.0000000000 
1.3920000000 0.1470169574 0.0000000000 
1.4000000000 0.1346604729 0.0000000000 
1.4080000000 0.1227804554 0.0000000000 
1.4160000000 0.1113890690 0.0000000000 
1.4240000000 0.1004979775 0.0000000000 
1.4320000000 0.0901183324 0.0000000000 
1.4400000000 0.0802607616 0.0000000000 
1.4480000000 0.0709353584 0.0000000000 
1.4560000000 0.0621516711 0.0000000000 
1.4640000000 0.0539186936 0.0000000000 
1.4720000000 0.0462448555 0.0000000000 
1.4800000000 0.0391380144 0.0000000000 
1.4880000000 0.0326054469 0.0000000000 
1.4960000000 0.0266538419 0.0000000000 
1.5040000000 0.0212892932 0.0000000000 
1.5120000000 0.0165172937 0.0000000000 
1.5200000000 0.0123427295 0.0000000000 
1.5280000000 0.0087698751 0.0000000000 
1.5360000000 0.0058023886 0.0000000000 
1.5440000000 0.0034433085 0.0000000000 
1.5520000000 0.0016950504 0.0000000000 
1.5600000000 0.0005594043 0.0000000000 
1.5680000000 0.0000375329 0.0000000000 
1.5760000000 0.0001299707 0.0000000000 
1.5840000000 0.0008366230 0.0000000000 
1.5920000000 0.0021567663 0.0000000000 
1.6000000000 0.0040890487 0.0000000000 
