0.0000000000 0.0000000000 0.0000000000 
0.0050000000 0.0004799302 0.0000000000 
0.0100000000 0.0019188841 0.0000000000 
0.0150000000 0.0043143524 0.0000000000 
0.0200000000 0.0076621580 0.0000000000 
0.0250000000 0.0119564633 0.0000000000 
0.0300000000 0.0171897800 0.0000000000 
0.0350000000 0.0233529826 0.0000000000 
0.0400000000 0.0304353240 0.0000000000 
0.0450000000 0.0384244544 0.0000000000 
0.0500000000 0.0473064428 0.0000000000 
0.0550000000 0.0570658012 0.0000000000 
0.0600000000 0.0676855118 0.0000000000 
0.0650000000 0.0791470565 0.0000000000 
0.0700000000 0.0914304493 0.0000000000 
0.0750000000 0.1045142711 0.0000000000 
0.0800000000 0.1183757069 0.0000000000 
0.0850000000 0.1329905860 0.0000000000 
0.0900000000 0.1483334237 0.0000000000 
0.0950000000 0.1643774660 0.0000000000 
0.1000000000 0.1810947362 0.0000000000 
0.1050000000 0.1984560835 0.0000000000 
0.1100000000 0.2164312342 0.0000000000 
0.1150000000 0.2349888441 0.0000000000 
0.1200000000 0.2540965536 0.0000000000 
0.1250000000 0.2737210435 0.0000000000 
0.1300000000 0.2938280939 0.0000000000 
0.1350000000 0.3143826430 0.0000000000 
0.1400000000 0.3353488489 0.0000000000 
0.1450000000 0.3566901519 0.0000000000 
0.1500000000 0.3783693382 0.0000000000 
0.1550000000 0.4003486047 0.0000000000 
0.1600000000 0.4225896252 0.0000000000 
0.1650000000 0.4450536170 0.0000000000 
0.1700000000 0.4677014086 0.0000000000 
0.1750000000 0.4904935080 0.0000000000 
0.1800000000 0.5133901715 0.0000000000 
0.1850000000 0.5363514731 0.0000000000 
0.1900000000 0.5593373742 0.0000000000 
0.1950000000 0.5823077931 0.0000000000 
0.2000000000 0.6052226754 0.0104453507 
0.2050000000 0.6280420631 0.0560841263 
0.2100000000 0.6507261652 0.1014523304 
0.2150000000 0.6732354263 0.1464708525 
0.2200000000 0.6955305958 0.1910611917 
0.2250000000 0.7175727968 0.2351455937 
0.2300000000 0.7393235932 0.2786471865 
0.2350000000 0.7607450571 0.3214901143 
0.2400000000 0.7817998350 0.3635996699 
0.2450000000 0.8024512125 0.4049024250 
0.2500000000 0.8226631790 0.4453263580 
0.2550000000 0.8424004899 0.4848009799 
0.2600000000 0.8616287284 0.5232574567 
0.2650000000 0.8803143652 0.5606287304 
0.2700000000 0.8984248173 0.5968496347 
0.2750000000 0.9159285048 0.6318570096 
0.2800000000 0.9327949056 0.6655898111 
0.2850000000 0.9489946089 0.6979892179 
0.2900000000 0.9644993667 0.7289987334 
0.2950000000 0.9792821425 0.7585642851 
0.3000000000 0.9933171590 0.7866343179 
0.3050000000 1.0065799425 0.8131598851 
0.3100000000 1.0190473663 0.8380947325 
0.3150000000 1.0306976902 0.8613953803 
0.3200000000 1.0415105990 0.8830211980 
0.3250000000 1.0514672378 0.9029344756 
0.3300000000 1.0605502448 0.9211004895 
0.3350000000 1.0687437813 0.9374875627 
0.3400000000 1.0760335601 0.9520671202 
0.3450000000 1.0824068696 0.9648137392 
0.3500000000 1.0878525963 0.9757051926 
0.3550000000 1.0923612443 0.9847224885 
0.3600000000 1.0959249516 0.9918499031 
0.3650000000 1.0985375040 0.9970750080 
0.3700000000 1.1001943459 1.0003886919 
0.3750000000 1.1008925883 1.0017851765 
0.3800000000 1.1006310134 1.0012620269 
0.3850000000 1.0994100775 0.9988201551 
0.3900000000 1.0972319096 0.9944638192 
0.3950000000 1.0941003078 0.9882006156 
0.4000000000 1.0900207328 0.9800414657 
0.4050000000 1.0850002985 0.9700005969 
0.4100000000 1.0790477591 0.9580955181 
0.4150000000 1.0721734943 0.9443469887 
0.4200000000 1.0643894913 0.9287789825 
0.4250000000 1.0557093232 0.9114186463 
0.4300000000 1.0461481261 0.8922962521 
0.4350000000 1.0357225723 0.8714451445 
0.4400000000 1.0244508413 0.8489016825 
0.4450000000 1.0123525882 0.8247051763 
0.4500000000 0.9994489092 0.7988978184 
0.4550000000 0.9857623051 0.7715246102 
0.4600000000 0.9713166419 0.7426332838 
0.4650000000 0.9561371092 0.7122742183 
0.4700000000 0.9402501761 0.6805003522 
0.4750000000 0.9236835455 0.6473670910 
0.4800000000 0.9064661054 0.6129322109 
0.4850000000 0.8886278787 0.5772557574 
0.4900000000 0.8701999706 0.5403999412 
0.4950000000 0.8512145149 0.5024290297 
0.5000000000 0.8317046172 0.4634092344 
0.5050000000 0.8117042980 0.4234085959 
0.5100000000 0.7912484326 0.3824968653 
0.5150000000 0.7703726911 0.3407453822 
0.5200000000 0.7491134753 0.2982269506 
0.5250000000 0.7275078560 0.2550157119 
0.5300000000 0.7055935078 0.2111870156 
0.5350000000 0.6834086439 0.1668172877 
0.5400000000 0.6609919490 0.1219838979 
0.5450000000 0.6383825121 0.0767650242 
0.5500000000 0.6156197584 0.0312395168 
0.5550000000 0.5927433804 0.0000000000 
0.5600000000 0.5697932687 0.0000000000 
0.5650000000 0.5468094423 0.0000000000 
0.5700000000 0.5238319794 0.0000000000 
0.5750000000 0.5009009468 0.0000000000 
0.5800000000 0.4780563304 0.0000000000 
0.5850000000 0.4553379653 0.0000000000 
0.5900000000 0.4327854668 0.0000000000 
0.5950000000 0.4104381606 0.0000000000 
0.6000000000 0.3883350147 0.0000000000 
0.6050000000 0.3665145715 0.0000000000 
0.6100000000 0.3450148802 0.0000000000 
0.6150000000 0.3238734309 0.0000000000 
0.6200000000 0.3031270890 0.0000000000 
0.6250000000 0.2828120307 0.0000000000 
0.6300000000 0.2629636804 0.0000000000 
0.6350000000 0.2436166485 0.0000000000 
0.6400000000 0.2248046715 0.0000000000 
0.6450000000 0.2065605526 0.0000000000 
0.6500000000 0.1889161049 0.0000000000 
0.6550000000 0.1719020959 0.0000000000 
0.6600000000 0.1555481937 0.0000000000 
0.6650000000 0.1398829154 0.0000000000 
0.6700000000 0.1249335772 0.0000000000 
0.6750000000 0.1107262470 0.0000000000 
0.6800000000 0.0972856987 0.0000000000 
0.6850000000 0.0846353694 0.0000000000 
0.6900000000 0.0727973179 0.0000000000 
0.6950000000 0.0617921868 0.0000000000 
0.7000000000 0.0516391663 0.0000000000 
0.7050000000 0.0423559607 0.0000000000 
0.7100000000 0.0339587575 0.0000000000 
0.7150000000 0.0264621993 0.0000000000 
0.7200000000 0.0198793582 0.0000000000 
0.7250000000 0.0142217131 0.0000000000 
0.7300000000 0.0094991294 0.0000000000 
0.7350000000 0.0057198421 0.0000000000 
0.7400000000 0.0028904413 0.0000000000 
0.7450000000 0.0010158609 0.0000000000 
0.7500000000 0.0000993695 0.0000000000 
0.7550000000 0.0001425653 0.0000000000 
0.7600000000 0.0011453730 0.0000000000 
0.7650000000 0.0031060440 0.0000000000 
0.7700000000 0.0060211593 0.0000000000 
0.7750000000 0.0098856357 0.0000000000 
0.7800000000 0.0146927345 0.0000000000 
0.7850000000 0.0204340735 0.0000000000 
0.7900000000 0.0270996411 0.0000000000 
0.7950000000 0.0346778142 0.0000000000 
0.8000000000 0.0431553785 0.0000000000 
0.8050000000 0.0525175513 0.0000000000 
0.8100000000 0.0627480073 0.0000000000 
0.8150000000 0.0738289071 0.0000000000 
0.8200000000 0.0857409285 0.0000000000 
0.8250000000 0.0984633000 0.0000000000 
0.8300000000 0.1119738369 0.0000000000 
0.8350000000 0.1262489803 0.0000000000 
0.8400000000 0.1412638380 0.0000000000 
0.8450000000 0.1569922278 0.0000000000 
0.8500000000 0.1734067235 0.0000000000 
0.8550000000 0.1904787022 0.0000000000 
0.8600000000 0.2081783949 0.0000000000 
0.8650000000 0.2264749377 0.0000000000 
0.8700000000 0.2453364261 0.0000000000 
0.8750000000 0.2647299704 0.0000000000 
0.8800000000 0.2846217533 0.0000000000 
0.8850000000 0.3049770884 0.0000000000 
0.8900000000 0.3257604813 0.0000000000 
0.8950000000 0.3469356910 0.0000000000 
0.9000000000 0.3684657932 0.0000000000 
0.9050000000 0.3903132450 0.0000000000 
0.9100000000 0.4124399498 0.0000000000 
0.9150000000 0.4348073245 0.0000000000 
0.9200000000 0.4573763658 0.0000000000 
0.9250000000 0.4801077192 0.0000000000 
0.9300000000 0.5029617468 0.0000000000 
0.9350000000 0.5258985972 0.0000000000 
0.9400000000 0.5488782741 0.0000000000 
0.9450000000 0.5718607070 0.0000000000 
0.9500000000 0.5948058202 0.0000000000 
0.9550000000 0.6176736033 0.0353472066 
0.9600000000 0.6404241807 0.0808483613 
0.9650000000 0.6630178810 0.1260357621 
0.9700000000 0.6854153068 0.1708306136 
0.9750000000 0.7075774024 0.2151548049 
0.9800000000 0.7294655229 0.2589310458 
0.9850000000 0.7510415009 0.3020830018 
0.9900000000 0.7722677133 0.3445354267 
0.9950000000 0.7931071471 0.3862142942 
1.0000000000 0.8135234635 0.4270469270 
