0.0000000000 0.0000000000 0.0000000000 
0.0070000000 0.0016459772 0.0014107981 
0.0140000000 0.0065788371 0.0056383713 
0.0210000000 0.0147833829 0.0126682746 
0.0280000000 0.0262343465 0.0224764905 
0.0350000000 0.0408964781 0.0350295167 
0.0420000000 0.0587246710 0.0502844870 
0.0490000000 0.0796641218 0.0681893269 
0.0560000000 0.1036505242 0.0886829415 
0.0630000000 0.1306102967 0.1116954371 
0.0700000000 0.1604608433 0.1371483734 
0.0770000000 0.1931108451 0.1649550478 
0.0840000000 0.2284605830 0.1950208082 
0.0910000000 0.2664022898 0.2272433949 
0.0980000000 0.3068205303 0.2615133097 
0.1050000000 0.3495926075 0.2977142113 
0.1120000000 0.3945889943 0.3357233340 
0.1190000000 0.4416737888 0.3754119301 
0.1260000000 0.4907051906 0.4166457334 
0.1330000000 0.5415359978 0.4592854415 
0.1400000000 0.5940141210 0.5031872165 
0.1470000000 0.6479831148 0.5482032005 
0.1540000000 0.7032827216 0.5941820455 
0.1610000000 0.7597494292 0.6409694553 
0.1680000000 0.8172170371 0.6884087360 
0.1750000000 0.8755172311 0.7363413557 
0.1820000000 0.9344801635 0.7846075088 
0.1890000000 0.9939350370 0.8330466839 
0.1960000000 1.0537106896 0.8814982334 
0.2030000000 1.1136361790 0.9298019422 
0.2100000000 1.1735413636 0.9777985936 
0.2170000000 1.2332574788 1.0253305299 
0.2240000000 1.2926177056 1.0722422063 
0.2310000000 1.3514577304 1.1183807361 
0.2380000000 1.4096162925 1.1635964233 
0.2450000000 1.4669357194 1.2077432843 
0.2520000000 1.5232624457 1.2506795523 
0.2590000000 1.5784475153 1.2922681671 
0.2660000000 1.6323470642 1.3323772441 
0.2730000000 1.6848227835 1.3708805246 
0.2800000000 1.7357423585 1.4076578037 
0.2870000000 1.7849798855 1.4425953336 
0.2940000000 1.8324162617 1.4755862038 
0.3010000000 1.8779395496 1.5065306933 
0.3080000000 1.9214453129 1.5353365961 
0.3150000000 1.9628369228 1.5619195176 
0.3220000000 2.0020258354 1.5862031414 
0.3290000000 2.0389318370 1.6081194654 
0.3360000000 2.0734832581 1.6276090062 
0.3430000000 2.1056171548 1.6446209718 
0.3500000000 2.1352794577 1.6591134006 
0.3570000000 2.1624250869 1.6710532687 
0.3640000000 2.1870180335 1.6804165625 
0.3710000000 2.2090314081 1.6871883180 
0.3780000000 2.2284474545 1.6913626270 
0.3850000000 2.2452575305 1.6929426091 
0.3920000000 2.2594620555 1.6919403503 
0.3990000000 2.2710704249 1.6883768091 
0.4060000000 2.2801008918 1.6822816895 
0.4130000000 2.2865804177 1.6993282901 
0.4200000000 2.2905444912 1.7182672569 
0.4270000000 2.2920369178 1.7346510026 
0.4340000000 2.2911095793 1.7485200243 
0.4410000000 2.2878221660 1.7599227359 
0.4480000000 2.2822418815 1.7689151788 
0.4550000000 2.2744431221 1.7755607079 
0.4620000000 2.2645071324 1.7799296531 
0.4690000000 2.2525216376 1.7820989584 
0.4760000000 2.2385804545 1.7821518000 
0.4830000000 2.2227830841 1.7801771848 
0.4900000000 2.2052342849 1.7762695322 
0.4970000000 2.1860436309 1.7705282388 
0.5040000000 2.1653250553 1.7630572295 
0.5110000000 2.1431963815 1.7539644971 
0.5180000000 2.1197788434 1.7433616302 
0.5250000000 2.0951965978 1.7313633335 
0.5320000000 2.0695762287 1.7180869418 
0.5390000000 2.0430462484 1.7036519283 
0.5460000000 2.0157365947 1.6881794115 
0.5530000000 1.9877781274 1.6717916604 
0.5600000000 1.9593021261 1.6546116013 
0.5670000000 1.9304397912 1.6367623278 
0.5740000000 1.9013217491 1.6183666151 
0.5810000000 1.8720775646 1.5995464419 
0.5880000000 1.8428352622 1.5804225202 
0.5950000000 1.8137208569 1.5611138359 
0.6020000000 1.7848578981 1.5417372005 
0.6090000000 1.7563670265 1.5224068178 
0.6160000000 1.7283655467 1.5032338646 
0.6230000000 1.7009670166 1.4843260883 
0.6300000000 1.6742808556 1.4657874231 
0.6370000000 1.6484119714 1.4477176249 
0.6440000000 1.6234604091 1.4302119275 
0.6510000000 1.5995210217 1.4133607197 
0.6580000000 1.5766831639 1.3972492460 
0.6650000000 1.5550304105 1.3819573312 
0.6720000000 1.5346402998 1.3675591283 
0.6790000000 1.5155841028 1.3541228936 
0.6860000000 1.4979266190 1.3417107864 
0.6930000000 1.4817259995 1.3303786959 
0.7000000000 1.4670335976 1.3201760945 
0.7070000000 1.4538938474 1.3111459195 
0.7140000000 1.4423441704 1.3033244807 
0.7210000000 1.4324149103 1.2967413966 
0.7280000000 1.4241292967 1.2914195581 
0.7350000000 1.4175034357 1.2873751187 
0.7420000000 1.4125463294 1.2846175132 
0.7490000000 1.4092599228 1.2831495017 
0.7560000000 1.4076391771 1.2829672411 
0.7630000000 1.4076721706 1.2840603819 
0.7700000000 1.4093402244 1.2864121903 
0.7770000000 1.4126180542 1.2899996942 
0.7840000000 1.4174739453 1.2947938536 
0.7910000000 1.4238699523 1.3007597529 
0.7980000000 1.4317621200 1.3078568152 
0.8050000000 1.4411007255 1.3160390370 
0.8120000000 1.4518305414 1.3252552424 
0.8190000000 1.4638911169 1.3354493555 
0.8260000000 1.4772170762 1.3465606892 
0.8330000000 1.4917384338 1.3585242505 
0.8400000000 1.5073809238 1.3712710588 
0.8470000000 1.5240663430 1.3847284779 
0.8540000000 1.5417129050 1.3988205588 
0.8610000000 1.5602356049 1.4134683919 
0.8680000000 1.5795465928 1.4285904684 
0.8750000000 1.5995555538 1.4441030471 
0.8820000000 1.6201700938 1.4599205274 
0.8890000000 1.6412961287 1.4759558251 
0.8960000000 1.6628382765 1.4921207507 
0.9030000000 1.6847002493 1.5083263876 
0.9100000000 1.7067852446 1.5244834691 
0.9170000000 1.7289963341 1.5405027539 
0.9240000000 1.7512368485 1.5562953954 
0.9310000000 1.7734107565 1.5717733072 
0.9380000000 1.7954230370 1.5868495207 
0.9450000000 1.8171800424 1.6014385338 
0.9520000000 1.8385898527 1.6154566507 
0.9590000000 1.8595626182 1.6288223099 
0.9660000000 1.8800108894 1.6414564000 
0.9730000000 1.8998499339 1.6532825616 
0.9800000000 1.9189980379 1.6642274755 
0.9870000000 1.9373767930 1.6742211338 
0.9940000000 1.9549113650 1.6831970953 
1.0010000000 1.9715307460 1.6910927227 
1.0080000000 1.9871679878 1.6978494019 
1.0150000000 2.0017604154 1.7034127410 
1.0220000000 2.0152498223 1.7077327506 
1.0290000000 2.0275826439 1.7107640031 
1.0360000000 2.0387101105 1.7124657704 
1.0430000000 2.0485883801 1.7128021413 
1.0500000000 2.0571786479 1.7117421163 
1.0570000000 2.0644472363 1.7092596803 
1.0640000000 2.0703656611 1.7053338543 
1.0710000000 2.0749106777 1.6999487234 
1.0780000000 2.0780643045 1.6930934443 
1.0850000000 2.0798138258 1.6847622300 
1.0920000000 2.0801517725 1.6749543135 
1.0990000000 2.0790758827 1.6636738913 
1.1060000000 2.0765890421 1.6509300457 
1.1130000000 2.0726992035 1.6367366491 
1.1200000000 2.0674192884 1.6211122496 
1.1270000000 2.0607670690 1.6040799391 
1.1340000000 2.0527650326 1.5856672073 
1.1410000000 2.0434402294 1.5659057788 
1.1480000000 2.0328241031 1.5448314390 
1.1550000000 2.0209523076 1.5224838472 
1.1620000000 2.0078645084 1.4989063406 
1.1690000000 1.9936041709 1.4741467718 
1.1760000000 1.9782183370 1.4484935287 
1.1830000000 1.9617573901 1.4217841887 
1.1900000000 1.9442748105 1.3940734573 
1.1970000000 1.9258269218 1.3654224864 
1.2040000000 1.9064726300 1.3358948419 
1.2110000000 1.8862731560 1.3055562261 
1.2180000000 1.8652917626 1.2744741996 
1.2250000000 1.8435934789 1.2427178998 
1.2320000000 1.8212448202 1.2219855431 
1.2390000000 1.7983135078 1.2083555236 
1.2460000000 1.7748681876 1.1940724479 
1.2530000000 1.7509781507 1.1792007701 
1.2600000000 1.7267130547 1.1638054312 
1.2670000000 1.7021426496 1.1479515930 
1.2740000000 1.6773365070 1.1317043758 
1.2810000000 1.6523637552 1.1151286021 
1.2880000000 1.6272928213 1.0982885450 
1.2950000000 1.6021911796 1.0812476845 
1.3020000000 1.5771251096 1.0640684715 
1.3090000000 1.5521594626 1.0468121007 
1.3160000000 1.5273574389 1.0295382922 
1.3230000000 1.5027803761 1.0123050854 
1.3300000000 1.4784875486 0.9951686417 
1.3370000000 1.4545359801 0.9781830615 
1.3440000000 1.4309802690 0.9614002116 
1.3510000000 1.4078724269 0.9448695670 
1.3580000000 1.3852617319 0.9286380659 
1.3650000000 1.3631945957 0.9127499780 
1.3720000000 1.3417144459 0.8972467885 
1.3790000000 1.3208616233 0.8821670950 
1.3860000000 1.3006732942 0.8675465207 
1.3930000000 1.2811833784 0.8534176415 
1.4000000000 1.2624224923 0.8398099286 
