0.0000000000 0.0000000000 0.0000000000 
0.0070000000 0.0002351791 0.0000000000 
0.0140000000 0.0009404657 0.0000000000 
0.0210000000 0.0021151080 0.0000000000 
0.0280000000 0.0037578546 0.0000000000 
0.0350000000 0.0058669558 0.0000000000 
0.0420000000 0.0084401672 0.0000000000 
0.0490000000 0.0114747528 0.0000000000 
0.0560000000 0.0149674892 0.0000000000 
0.0630000000 0.0189146710 0.0000000000 
0.0700000000 0.0233121163 0.0000000000 
0.0770000000 0.0281551738 0.0000000000 
0.0840000000 0.0334387292 0.0000000000 
0.0910000000 0.0391572142 0.0000000000 
0.0980000000 0.0453046142 0.0000000000 
0.1050000000 0.0518744783 0.0000000000 
0.1120000000 0.0588599290 0.0000000000 
0.1190000000 0.0662536728 0.0000000000 
0.1260000000 0.0740480111 0.0000000000 
0.1330000000 0.0822348526 0.0000000000 
0.1400000000 0.0908057247 0.0000000000 
0.1470000000 0.0997517869 0.0000000000 
0.1540000000 0.1090638438 0.0000000000 
0.1610000000 0.1187323589 0.0000000000 
0.1680000000 0.1287474684 0.0000000000 
0.1750000000 0.1390989961 0.0000000000 
0.1820000000 0.1497764679 0.0000000000 
0.1890000000 0.1607691272 0.0000000000 
0.1960000000 0.1720659502 0.0000000000 
0.2030000000 0.1836556615 0.0000000000 
0.2100000000 0.1955267502 0.0000000000 
0.2170000000 0.2076674859 0.0000000000 
0.2240000000 0.2200659348 0.0000000000 
0.2310000000 0.2327099763 0.0000000000 
0.2380000000 0.2455873190 0.0000000000 
0.2450000000 0.2586855175 0.0000000000 
0.2520000000 0.2719919888 0.0000000000 
0.2590000000 0.2854940286 0.0000000000 
0.2660000000 0.2991788278 0.0000000000 
0.2730000000 0.3130334886 0.0000000000 
0.2800000000 0.3270450409 0.0000000000 
0.2870000000 0.3412004582 0.0000000000 
0.2940000000 0.3554866735 0.0000000000 
0.3010000000 0.3698905947 0.0000000000 
0.3080000000 0.3843991203 0.0000000000 
0.3150000000 0.3989991542 0.0000000000 
0.3220000000 0.4136776209 0.0000000000 
0.3290000000 0.4284214797 0.0000000000 
0.3360000000 0.4432177390 0.0000000000 
0.3430000000 0.4580534702 0.0000000000 
0.3500000000 0.4729158210 0.0000000000 
0.3570000000 0.4877920286 0.0000000000 
0.3640000000 0.5026694325 0.0000000000 
0.3710000000 0.5175354861 0.0000000000 
0.3780000000 0.5323777693 0.0000000000 
0.3850000000 0.5471839993 0.0000000000 
0.3920000000 0.5619420415 0.0000000000 
0.3990000000 0.5766399203 0.0000000000 
0.4060000000 0.5912658284 0.0000000000 
0.4130000000 0.6058081368 0.0116162737 
0.4200000000 0.6202554035 0.0405108069 
0.4270000000 0.6345963817 0.0691927633 
0.4340000000 0.6488200282 0.0976400565 
0.4410000000 0.6629155109 0.1258310217 
0.4480000000 0.6768722151 0.1537444301 
0.4550000000 0.6906797507 0.1813595014 
0.4620000000 0.7043279579 0.2086559158 
0.4690000000 0.7178069128 0.2356138256 
0.4760000000 0.7311069323 0.2622138646 
0.4830000000 0.7442185788 0.2884371576 
0.4900000000 0.7571326644 0.3142653289 
0.4970000000 0.7698402545 0.3396805091 
0.5040000000 0.7823326711 0.3646653422 
0.5110000000 0.7946014955 0.3892029910 
0.5180000000 0.8066385710 0.4132771420 
0.5250000000 0.8184360047 0.4368720095 
0.5320000000 0.8299861695 0.4599723390 
0.5390000000 0.8412817049 0.4825634098 
0.5460000000 0.8523155185 0.5046310371 
0.5530000000 0.8630807864 0.5261615728 
0.5600000000 0.8735709535 0.5471419070 
0.5670000000 0.8837797336 0.5675594672 
0.5740000000 0.8937011094 0.5874022188 
0.5810000000 0.9033293316 0.6066586632 
0.5880000000 0.9126589186 0.6253178372 
0.5950000000 0.9216846553 0.6433693107 
0.6020000000 0.9304015923 0.6608031846 
0.6090000000 0.9388050441 0.6776100881 
0.6160000000 0.9468905881 0.6937811762 
0.6230000000 0.9546540629 0.7093081258 
0.6300000000 0.9620915664 0.7241831329 
0.6370000000 0.9691994543 0.7383989086 
0.6440000000 0.9759743377 0.7519486753 
0.6510000000 0.9824130815 0.7648261629 
0.6580000000 0.9885128022 0.7770256044 
0.6650000000 0.9942708659 0.7885417319 
0.6720000000 0.9996848861 0.7993697721 
0.6790000000 1.0047527212 0.8095054424 
0.6860000000 1.0094724731 0.8189449463 
0.6930000000 1.0138424845 0.8276849690 
0.7000000000 1.0178613368 0.8357226737 
0.7070000000 1.0215278483 0.8430556966 
0.7140000000 1.0248410718 0.8496821437 
0.7210000000 1.0278002929 0.8556005857 
0.7280000000 1.0304050276 0.8608100552 
0.7350000000 1.0326550210 0.8653100420 
0.7420000000 1.0345502449 0.8691004897 
0.7490000000 1.0360908963 0.8721817925 
0.7560000000 1.0372773956 0.8745547913 
0.7630000000 1.0381103852 0.8762207703 
0.7700000000 1.0385907273 0.8771814546 
0.7770000000 1.0387195033 0.8774390066 
0.7840000000 1.0384980115 0.8769960231 
0.7910000000 1.0379277665 0.8758555330 
0.7980000000 1.0370104972 0.8740209943 
0.8050000000 1.0357481461 0.8714962921 
0.8120000000 1.0341428678 0.8682857356 
0.8190000000 1.0321970281 0.8643940562 
0.8260000000 1.0299132027 0.8598264055 
0.8330000000 1.0272941763 0.8545883526 
0.8400000000 1.0243429414 0.8486858828 
0.8470000000 1.0210626974 0.8421253947 
0.8540000000 1.0174568495 0.8349136989 
0.8610000000 1.0135290078 0.8270580155 
0.8680000000 1.0092829862 0.8185659724 
0.8750000000 1.0047228013 0.8094456027 
0.8820000000 0.9998526715 0.7997053430 
0.8890000000 0.9946770156 0.7893540311 
0.8960000000 0.9892004515 0.7784009031 
0.9030000000 0.9834277956 0.7668555912 
0.9100000000 0.9773640606 0.7547281211 
0.9170000000 0.9710144544 0.7420289089 
0.9240000000 0.9643843789 0.7287687578 
0.9310000000 0.9574794275 0.7149588551 
0.9380000000 0.9503053840 0.7006107681 
0.9450000000 0.9428682202 0.6857364405 
0.9520000000 0.9351740940 0.6703481879 
0.9590000000 0.9272293468 0.6544586935 
0.9660000000 0.9190405013 0.6380810025 
0.9730000000 0.9106142588 0.6212285175 
0.9800000000 0.9019574960 0.6039149921 
0.9870000000 0.8930772625 0.5861545250 
0.9940000000 0.8839807767 0.5679615534 
1.0010000000 0.8746754228 0.5493508457 
1.0080000000 0.8651687471 0.5303374942 
1.0150000000 0.8554684533 0.5109369066 
1.0220000000 0.8455823991 0.4911647982 
1.0290000000 0.8355185909 0.4710371819 
1.0360000000 0.8252851796 0.4505703592 
1.0430000000 0.8148904551 0.4297809102 
1.0500000000 0.8043428412 0.4086856825 
1.0570000000 0.7936508901 0.3873017802 
1.0640000000 0.7828232762 0.3656465525 
1.0710000000 0.7718687905 0.3437375810 
1.0780000000 0.7607963336 0.3215926672 
1.0850000000 0.7496149096 0.2992298192 
1.0920000000 0.7383336190 0.2766672380 
1.0990000000 0.7269616513 0.2539233027 
1.1060000000 0.7155082781 0.2310165563 
1.1130000000 0.7039828450 0.2079656900 
1.1200000000 0.6923947639 0.1847895277 
1.1270000000 0.6807535048 0.1615070097 
1.1340000000 0.6690685879 0.1381371757 
1.1410000000 0.6573495742 0.1146991485 
1.1480000000 0.6456060579 0.0912121157 
1.1550000000 0.6338476563 0.0676953127 
1.1620000000 0.6220840019 0.0441680038 
1.1690000000 0.6103247321 0.0206494643 
1.1760000000 0.5985794807 0.0000000000 
1.1830000000 0.5868578678 0.0000000000 
1.1900000000 0.5751694904 0.0000000000 
1.1970000000 0.5635239129 0.0000000000 
1.2040000000 0.5519306569 0.0000000000 
1.2110000000 0.5403991917 0.0000000000 
1.2180000000 0.5289389243 0.0000000000 
1.2250000000 0.5175591894 0.0000000000 
1.2320000000 0.5062692397 0.0000000000 
1.2390000000 0.4950782358 0.0000000000 
1.2460000000 0.4839952363 0.0000000000 
1.2530000000 0.4730291882 0.0000000000 
1.2600000000 0.4621889170 0.0000000000 
1.2670000000 0.4514831171 0.0000000000 
1.2740000000 0.4409203422 0.0000000000 
1.2810000000 0.4305089959 0.0000000000 
1.2880000000 0.4202573223 0.0000000000 
1.2950000000 0.4101733972 0.0000000000 
1.3020000000 0.4002651189 0.0000000000 
1.3090000000 0.3905401994 0.0000000000 
1.3160000000 0.3810061563 0.0000000000 
1.3230000000 0.3716703040 0.0000000000 
1.3300000000 0.3625397460 0.0000000000 
1.3370000000 0.3536213673 0.0000000000 
1.3440000000 0.3449218263 0.0000000000 
1.3510000000 0.3364475485 0.0000000000 
1.3580000000 0.3282047187 0.0000000000 
1.3650000000 0.3201992752 0.0000000000 
1.3720000000 0.3124369032 0.0000000000 
1.3790000000 0.3049230292 0.0000000000 
1.3860000000 0.2976628153 0.0000000000 
1.3930000000 0.2906611541 0.0000000000 
1.4000000000 0.2839226641 0.0000000000 
