0.0000000000 0.0000000000 0.0000000000 
0.0070000000 0.0016459772 0.0014107981 
0.0140000000 0.0065788371 0.0056383713 
0.0210000000 0.0147833829 0.0126682746 
0.0280000000 0.0262343465 0.0224764905 
0.0350000000 0.0408964781 0.0350295167 
0.0420000000 0.0587246710 0.0502844870 
0.0490000000 0.0796641218 0.0681893269 
0.0560000000 0.1036505242 0.0886829415 
0.0630000000 0.1306102967 0.1116954371 
0.0700000000 0.1604608433 0.1371483734 
0.0770000000 0.1931108451 0.1649550478 
0.0840000000 0.2284605830 0.1950208082 
0.0910000000 0.2664022898 0.2272433949 
0.0980000000 0.3068205303 0.2615133097 
0.1050000000 0.3495926074 0.2977142113 
0.1120000000 0.3945889942 0.3357233340 
0.1190000000 0.4416737887 0.3754119301 
0.1260000000 0.4907051904 0.4166457334 
0.1330000000 0.5415359975 0.4592854415 
0.1400000000 0.5940141205 0.5031872165 
0.1470000000 0.6479831140 0.5482032004 
0.1540000000 0.7032827204 0.5941820455 
0.1610000000 0.7597494273 0.6409694551 
0.1680000000 0.8172170342 0.6884087358 
0.1750000000 0.8755172267 0.7363413554 
0.1820000000 0.9344801571 0.7846075083 
0.1890000000 0.9939350277 0.8330466830 
0.1960000000 1.0537106764 0.8814982321 
0.2030000000 1.1136361604 0.9298019402 
0.2100000000 1.1735413377 0.9777985906 
0.2170000000 1.2332574432 1.0253305255 
0.2240000000 1.2926176572 1.0722422000 
0.2310000000 1.3514576650 1.1183807270 
0.2380000000 1.4096162053 1.1635964105 
0.2450000000 1.4669356041 1.2077432663 
0.2520000000 1.5232622945 1.2506795274 
0.2590000000 1.5784473185 1.2922681329 
0.2660000000 1.6323468101 1.3323771976 
0.2730000000 1.6848224577 1.3708804621 
0.2800000000 1.7357419439 1.4076577200 
0.2870000000 1.7849793610 1.4425952227 
0.2940000000 1.8324156026 1.4755860578 
0.3010000000 1.8779387262 1.5065305026 
0.3080000000 1.9214442900 1.5353363486 
0.3150000000 1.9628356592 1.5619191985 
0.3220000000 2.0020242827 1.5862027326 
0.3290000000 2.0389299386 1.6081189449 
0.3360000000 2.0734809482 1.6276083474 
0.3430000000 2.1056143575 1.6446201425 
0.3500000000 2.1352760853 1.6591123624 
0.3570000000 2.1624210387 1.6710519758 
0.3640000000 2.1870131945 1.6804149604 
0.3710000000 2.2090256472 1.6871863426 
0.3780000000 2.2284406227 1.6913602027 
0.3850000000 2.2452494595 1.6929396473 
0.3920000000 2.2594525553 1.6919367479 
0.3990000000 2.2710592821 1.6883724463 
0.4060000000 2.2800878672 1.6822764277 
0.4130000000 2.2865652441 1.6993047017 
0.4200000000 2.2905268716 1.7182401283 
0.4270000000 2.2920165221 1.7346199085 
0.4340000000 2.2910860424 1.7484845032 
0.4410000000 2.2877950851 1.7598822888 
0.4480000000 2.2822108132 1.7688692688 
0.4550000000 2.2744075802 1.7755087591 
0.4620000000 2.2644665849 1.7798710501 
0.4690000000 2.2524755039 1.7820330465 
0.4760000000 2.2385281031 1.7820778852 
0.4830000000 2.2227238296 1.7800945349 
0.4900000000 2.2051673854 1.7761773777 
0.4970000000 2.1859682858 1.7704257746 
0.5040000000 2.1652404026 1.7629436175 
0.5110000000 2.1431014956 1.7538388686 
0.5180000000 2.1196727332 1.7432230897 
0.5250000000 2.0950782045 1.7312109633 
0.5320000000 2.0694444248 1.7179198063 
0.5390000000 2.0428998356 1.7034690805 
0.5460000000 2.0155743034 1.6879798994 
0.5530000000 1.9875986160 1.6715745347 
0.5600000000 1.9591039808 1.6543759239 
0.5670000000 1.9302215260 1.6365071813 
0.5740000000 1.9010818067 1.6180911135 
0.5810000000 1.8718143180 1.5992497423 
0.5880000000 1.8425470159 1.5801038353 
0.5950000000 1.8134058501 1.5607724478 
0.6020000000 1.7845143076 1.5413724759 
0.6090000000 1.7559929705 1.5220182240 
0.6160000000 1.7279590899 1.5028209867 
0.6230000000 1.7005261755 1.4838886478 
0.6300000000 1.6738036049 1.4653252973 
0.6370000000 1.6478962516 1.4472308679 
0.6440000000 1.6229041345 1.4297007917 
0.6510000000 1.5989220899 1.4128256791 
0.6580000000 1.5760394660 1.3966910202 
0.6650000000 1.5543398426 1.3813769103 
0.6720000000 1.5339007755 1.3669577992 
0.6790000000 1.5147935664 1.3535022668 
0.6860000000 1.4970830608 1.3410728241 
0.6930000000 1.4808274712 1.3297257403 
0.7000000000 1.4660782296 1.3195108976 
0.7070000000 1.4528798669 1.3104716726 
0.7140000000 1.4412699207 1.3026448451 
0.7210000000 1.4312788718 1.2960605345 
0.7280000000 1.4229301078 1.2907421636 
0.7350000000 1.4162399160 1.2867064493 
0.7420000000 1.4112175039 1.2839634209 
0.7490000000 1.4078650462 1.2825164644 
0.7560000000 1.4061777604 1.2823623936 
0.7630000000 1.4061440075 1.2834915462 
0.7700000000 1.4077454194 1.2858879058 
0.7770000000 1.4109570511 1.2895292469 
0.7840000000 1.4157475570 1.2943873043 
0.7910000000 1.4220793905 1.3004279646 
0.7980000000 1.4299090259 1.3076114791 
0.8050000000 1.4391872010 1.3158926971 
0.8120000000 1.4498591807 1.3252213182 
0.8190000000 1.4618650380 1.3355421633 
0.8260000000 1.4751399527 1.3467954615 
0.8330000000 1.4896145269 1.3589171526 
0.8400000000 1.5052151137 1.3718392039 
0.8470000000 1.5218641602 1.3854899391 
0.8540000000 1.5394805610 1.3997943786 
0.8610000000 1.5579800225 1.4146745890 
0.8680000000 1.5772754350 1.4300500411 
0.8750000000 1.5972772523 1.4458379744 
0.8820000000 1.6178938757 1.4619537658 
0.8890000000 1.6390320423 1.4783113027 
0.8960000000 1.6605972153 1.4948233575 
0.9030000000 1.6824939739 1.5114019619 
0.9100000000 1.7046264031 1.5279587812 
0.9170000000 1.7268984801 1.5444054847 
0.9240000000 1.7492144564 1.5606541121 
0.9310000000 1.7714792347 1.5766174349 
0.9380000000 1.7935987378 1.5922093097 
0.9450000000 1.8154802692 1.6073450238 
0.9520000000 1.8370328641 1.6219416308 
0.9590000000 1.8581676280 1.6359182746 
0.9660000000 1.8787980637 1.6491965021 
0.9730000000 1.8988403843 1.6617005616 
0.9800000000 1.9182138105 1.6733576872 
0.9870000000 1.9368408537 1.6840983675 
0.9940000000 1.9546475799 1.6938565979 
1.0010000000 1.9715638581 1.7025701160 
1.0080000000 1.9875235885 1.7101806177 
1.0150000000 2.0024649122 1.7166339564 
1.0220000000 2.0163304007 1.7218803212 
1.0290000000 2.0290672252 1.7258743963 
1.0360000000 2.0406273048 1.7285754993 
1.0430000000 2.0509674334 1.7299476998 
1.0500000000 2.0600493856 1.7299599164 
1.0570000000 2.0678400002 1.7285859928 
1.0640000000 2.0743112428 1.7258047532 
1.0710000000 2.0794402461 1.7216000364 
1.0780000000 2.0832093288 1.7159607085 
1.0850000000 2.0856059933 1.7088806561 
1.0920000000 2.0866229023 1.7003587577 
1.0990000000 2.0862578345 1.6903988359 
1.1060000000 2.0845136200 1.6790095899 
1.1130000000 2.0813980566 1.6662045085 
1.1200000000 2.0769238063 1.6520017652 
1.1270000000 2.0711082740 1.6364240949 
1.1340000000 2.0639734681 1.6194986545 
1.1410000000 2.0555458448 1.6012568665 
1.1480000000 2.0458561363 1.5817342475 
1.1550000000 2.0349391640 1.5609702224 
1.1620000000 2.0228336377 1.5390079252 
1.1690000000 2.0095819423 1.5158939874 
1.1760000000 1.9952299123 1.4916783151 
1.1830000000 1.9798265958 1.4664138560 
1.1900000000 1.9634240090 1.4401563570 
1.1970000000 1.9460768826 1.4129641147 
1.2040000000 1.9278424003 1.3848977178 
1.2110000000 1.9087799326 1.3560197860 
1.2180000000 1.8889507651 1.3263947025 
1.2250000000 1.8684178234 1.2960883449 
1.2320000000 1.8472453962 1.2651678140 
1.2390000000 1.8254988575 1.2337011608 
1.2460000000 1.8032443884 1.2017571159 
1.2530000000 1.7805487011 1.1746241636 
1.2600000000 1.7574787653 1.1599464230 
1.2670000000 1.7341015382 1.1448359766 
1.2740000000 1.7104836995 1.1293556165 
1.2810000000 1.6866913926 1.1135677600 
1.2880000000 1.6627899728 1.0975341994 
1.2950000000 1.6388437633 1.0813158603 
1.3020000000 1.6149158201 1.0649725688 
1.3090000000 1.5910677073 1.0485628278 
1.3160000000 1.5673592827 1.0321436050 
1.3230000000 1.5438484948 1.0157701312 
1.3300000000 1.5205911923 0.9994957114 
1.3370000000 1.4976409465 0.9833715478 
1.3440000000 1.4750488865 0.9674465772 
1.3510000000 1.4528635494 0.9517673204 
1.3580000000 1.4311307436 0.9363777478 
1.3650000000 1.4098934283 0.9213191578 
1.3720000000 1.3891916069 0.9066300711 
1.3790000000 1.3690622364 0.8923461390 
1.3860000000 1.3495391518 0.8785000681 
1.3930000000 1.3306530065 0.8651215589 
1.4000000000 1.3124312278 0.8522372608 
