0.0000000000 0.0000000000 0.0000000000 
0.0070000000 0.0011757111 0.0009405320 
0.0140000000 0.0046993799 0.0037589142 
0.0210000000 0.0105606243 0.0084455162 
0.0280000000 0.0187421806 0.0149843260 
0.0350000000 0.0292199632 0.0233530074 
0.0420000000 0.0419631474 0.0335229802 
0.0490000000 0.0569342760 0.0454595232 
0.0560000000 0.0740893880 0.0591218988 
0.0630000000 0.0933781699 0.0744634989 
0.0700000000 0.1147441296 0.0914320133 
0.0770000000 0.1381247901 0.1099696163 
0.0840000000 0.1634519045 0.1300131752 
0.0910000000 0.1906516905 0.1514944763 
0.0980000000 0.2196450837 0.1743404695 
0.1050000000 0.2503480085 0.1984735302 
0.1120000000 0.2826716664 0.2238117373 
0.1190000000 0.3165228396 0.2502691668 
0.1260000000 0.3518042098 0.2777561987 
0.1330000000 0.3884146901 0.3061798375 
0.1400000000 0.4262497695 0.3354440448 
0.1470000000 0.4652018687 0.3654500818 
0.1540000000 0.5051607051 0.3960968613 
0.1610000000 0.5460136671 0.4272813082 
0.1680000000 0.5876461945 0.4588987261 
0.1750000000 0.6299421659 0.4908431698 
0.1820000000 0.6727842891 0.5230078212 
0.1890000000 0.7160544954 0.5552853682 
0.1960000000 0.7596343352 0.5875683850 
0.2030000000 0.8034053730 0.6197497116 
0.2100000000 0.8472495824 0.6517228322 
0.2170000000 0.8910497368 0.6833822509 
0.2240000000 0.9346897973 0.7146238624 
0.2310000000 0.9780552938 0.7453453175 
0.2380000000 1.0210337005 0.7754463815 
0.2450000000 1.0635148021 0.8048292846 
0.2520000000 1.1053910509 0.8333990621 
0.2590000000 1.1465579132 0.8610638846 
0.2660000000 1.1869142033 0.8877353756 
0.2730000000 1.2263624050 0.9133289164 
0.2800000000 1.2648089776 0.9377639368 
0.2870000000 1.3021646483 0.9609641901 
0.2940000000 1.3383446862 0.9828580127 
0.3010000000 1.3732691606 1.0033785659 
0.3080000000 1.4068631803 1.0224640601 
0.3150000000 1.4390571142 1.0400579600 
0.3220000000 1.4697867919 1.0561091710 
0.3290000000 1.4989936841 1.0705722044 
0.3360000000 1.5266250623 1.0834073233 
0.3430000000 1.5526341363 1.0945806662 
0.3500000000 1.5769801707 1.1040643497 
0.3570000000 1.5996285784 1.1118365498 
0.3640000000 1.6205509922 1.1178815597 
0.3710000000 1.6397253133 1.1221898272 
0.3780000000 1.6571357376 1.1247579682 
0.3850000000 1.6727727584 1.1255887591 
0.3920000000 1.6866331476 1.1246911061 
0.3990000000 1.6987199136 1.1220799933 
0.4060000000 1.7090422370 1.1177764085 
0.4130000000 1.7176153847 1.1234235216 
0.4200000000 1.7244606027 1.1447160062 
0.4270000000 1.7296049872 1.1642013689 
0.4340000000 1.7330813358 1.1819013641 
0.4410000000 1.7349279790 1.1978434899 
0.4480000000 1.7351885923 1.2120608074 
0.4550000000 1.7339119899 1.2245917406 
0.4620000000 1.7311519018 1.2354798597 
0.4690000000 1.7269667332 1.2447736460 
0.4760000000 1.7214193090 1.2525262413 
0.4830000000 1.7145766041 1.2587951829 
0.4900000000 1.7065094591 1.2636421235 
0.4970000000 1.6972922846 1.2671325392 
0.5040000000 1.6870027543 1.2693354254 
0.5110000000 1.6757214872 1.2703229827 
0.5180000000 1.6635317220 1.2701702930 
0.5250000000 1.6505189834 1.2689549882 
0.5320000000 1.6367707424 1.2667569119 
0.5390000000 1.6223760715 1.2636577764 
0.5460000000 1.6074252961 1.2597408147 
0.5530000000 1.5920096443 1.2550904307 
0.5600000000 1.5762208945 1.2497918480 
0.5670000000 1.5601510243 1.2439307579 
0.5740000000 1.5438918603 1.2375929697 
0.5810000000 1.5275347318 1.2308640634 
0.5880000000 1.5111701270 1.2238290456 
0.5950000000 1.4948873563 1.2165720117 
0.6020000000 1.4787742215 1.2091758137 
0.6090000000 1.4629166925 1.2017217366 
0.6160000000 1.4473985940 1.1942891821 
0.6230000000 1.4323013013 1.1869553641 
0.6300000000 1.4177034478 1.1797950142 
0.6370000000 1.4036806452 1.1728800994 
0.6440000000 1.3903052156 1.1662795532 
0.6510000000 1.3776459393 1.1600590208 
0.6580000000 1.3657678166 1.1542806189 
0.6650000000 1.3547318455 1.1490027114 
0.6720000000 1.3445948162 1.1442797023 
0.6790000000 1.3354091229 1.1401618441 
0.6860000000 1.3272225930 1.1366950662 
0.6930000000 1.3200783351 1.1339208196 
0.7000000000 1.3140146051 1.1318759419 
0.7070000000 1.3090646927 1.1305925410 
0.7140000000 1.3052568259 1.1300978978 
0.7210000000 1.3026140966 1.1304143895 
0.7280000000 1.3011544050 1.1315594326 
0.7350000000 1.3008904247 1.1335454456 
0.7420000000 1.3018295871 1.1363798320 
0.7490000000 1.3039740868 1.1400649831 
0.7560000000 1.3073209053 1.1445983009 
0.7630000000 1.3118618552 1.1499722403 
0.7700000000 1.3175836433 1.1561743706 
0.7770000000 1.3244679529 1.1631874562 
0.7840000000 1.3324915437 1.1709895553 
0.7910000000 1.3416263707 1.1795541372 
0.7980000000 1.3518397195 1.1888502166 
0.8050000000 1.3630943586 1.1988425046 
0.8120000000 1.3753487082 1.2094915760 
0.8190000000 1.3885570237 1.2207540518 
0.8260000000 1.4026695937 1.2325827964 
0.8330000000 1.4176329518 1.2449271281 
0.8400000000 1.4333901010 1.2577330424 
0.8470000000 1.4498807502 1.2709434476 
0.8540000000 1.4670415607 1.2844984102 
0.8610000000 1.4848064034 1.2983354112 
0.8680000000 1.5031066240 1.3123896102 
0.8750000000 1.5218713163 1.3265941176 
0.8820000000 1.5410276017 1.3408802732 
0.8890000000 1.5605009146 1.3551779301 
0.8960000000 1.5802152915 1.3694157430 
0.9030000000 1.6000936640 1.3835214596 
0.9100000000 1.6200581531 1.3974222137 
0.9170000000 1.6400303651 1.4110448195 
0.9240000000 1.6599316867 1.4243160656 
0.9310000000 1.6796835793 1.4371630069 
0.9380000000 1.6992078704 1.4495132544 
0.9450000000 1.7184270413 1.4612952616 
0.9520000000 1.7372645114 1.4724386054 
0.9590000000 1.7556449149 1.4828742617 
0.9660000000 1.7734943728 1.4925348741 
0.9730000000 1.7907407556 1.5013550144 
0.9800000000 1.8073139388 1.5092714349 
0.9870000000 1.8231460479 1.5162233104 
0.9940000000 1.8381716934 1.5221524701 
1.0010000000 1.8523281950 1.5270036178 
1.0080000000 1.8655557934 1.5307245404 
1.0150000000 1.8777978496 1.5332663030 
1.0220000000 1.8890010315 1.5345834306 
1.0290000000 1.8991154853 1.5346340763 
1.0360000000 1.9080949943 1.5333801739 
1.0430000000 1.9158971214 1.5307875765 
1.0500000000 1.9224833369 1.5268261781 
1.0570000000 1.9278191309 1.5214700210 
1.0640000000 1.9318741094 1.5146973856 
1.0710000000 1.9346220744 1.5064908649 
1.0780000000 1.9360410879 1.4968374215 
1.0850000000 1.9361135192 1.4857284288 
1.0920000000 1.9348260765 1.4731596955 
1.0990000000 1.9321698213 1.4591314726 
1.1060000000 1.9281401671 1.4436484453 
1.1130000000 1.9227368622 1.4267197072 
1.1200000000 1.9159639563 1.4083587201 
1.1270000000 1.9078297514 1.3885832562 
1.1340000000 1.8983467384 1.3674153263 
1.1410000000 1.8875315182 1.3448810925 
1.1480000000 1.8754047085 1.3210107664 
1.1550000000 1.8619908371 1.2958384934 
1.1620000000 1.8473182220 1.2694022238 
1.1690000000 1.8314188385 1.2417435706 
1.1760000000 1.8143281750 1.2157486943 
1.1830000000 1.7960850769 1.2092272091 
1.1900000000 1.7767315803 1.2015620899 
1.1970000000 1.7563127359 1.1927888230 
1.2040000000 1.7348764239 1.1829457671 
1.2110000000 1.7124731612 1.1720739695 
1.2180000000 1.6891559001 1.1602169758 
1.2250000000 1.6649798226 1.1474206332 
1.2320000000 1.6400021270 1.1337328873 
1.2390000000 1.6142818117 1.1192035759 
1.2460000000 1.5878794540 1.1038842178 
1.2530000000 1.5608569872 1.0878277990 
1.2600000000 1.5332774747 1.0710885577 
1.2670000000 1.5052048840 1.0537217669 
1.2740000000 1.4767038607 1.0357835185 
1.2810000000 1.4478395023 1.0173305064 
1.2880000000 1.4186771351 0.9984198127 
1.2950000000 1.3892820924 0.9791086952 
1.3020000000 1.3597194975 0.9594543786 
1.3090000000 1.3300540494 0.9395138499 
1.3160000000 1.3003498148 0.9193436585 
1.3230000000 1.2706700253 0.8989997214 
1.3300000000 1.2410768814 0.8785371354 
1.3370000000 1.2116313633 0.8580099961 
1.3440000000 1.1823930499 0.8374712236 
1.3510000000 1.1534199463 0.8169723979 
1.3580000000 1.1247683203 0.7965636016 
1.3650000000 1.0964925480 0.7762932729 
1.3720000000 1.0686449706 0.7562080674 
1.3790000000 1.0412757601 0.7363527309 
1.3860000000 1.0144327974 0.7167699821 
1.3930000000 0.9881615602 0.6975004061 
1.4000000000 0.9625050235 0.6785823594 
