0.0000000000 0.0000000000 0.0000000000 
0.1000000000 0.4113153524 0.3639519488 
0.2000000000 1.4170154012 1.2350394268 
0.3000000000 2.4674578060 2.0848724586 
0.4000000000 3.0154734443 2.4329931577 
0.5000000000 2.8340604470 2.4837485489 
0.6000000000 2.1374374492 1.9798736785 
0.7000000000 1.4346543502 1.3999877546 
0.8000000000 1.2071549630 1.2061318284 
0.9000000000 1.6080334724 1.5460885222 
1.0000000000 2.3667862131 2.1589723856 
1.1000000000 2.9577113389 2.5421110608 
1.2000000000 2.9291260369 2.3816254270 
1.3000000000 2.1920711061 1.8731811089 
1.4000000000 1.0910546363 0.9563941634 
1.5000000000 0.2112730775 0.1873752495 
1.6000000000 0.0366899699 0.0326009212 
