0.0000000000 0.0000000000 0.0000000000 
0.1000000000 0.0473634036 0.0000000000 
0.2000000000 0.1819759744 0.0000000000 
0.3000000000 0.3825853473 0.0000000000 
0.4000000000 0.6175197134 0.0350394268 
0.5000000000 0.8496881019 0.4993762039 
0.6000000000 1.0424362293 0.8848724586 
0.7000000000 1.1653334044 1.1306668088 
0.8000000000 1.1989768655 1.1979537310 
0.9000000000 1.1380550498 1.0761100996 
1.0000000000 0.9921861725 0.7843723450 
1.1000000000 0.7843997220 0.3687994440 
1.2000000000 0.5475006099 0.0000000000 
1.3000000000 0.3188899972 0.0000000000 
1.4000000000 0.1346604729 0.0000000000 
1.5000000000 0.0238978280 0.0000000000 
1.6000000000 0.0040890487 0.0000000000 
