0.0000000000 0.0000000000 0.0000000000 
0.1000000000 0.1383513908 0.0909879872 
0.2000000000 0.4907358311 0.3087598567 
0.3000000000 0.9038034620 0.5212181147 
0.4000000000 1.2170081461 0.6345278595 
0.5000000000 1.3457811882 0.9954692901 
0.6000000000 1.3161865343 1.1586227636 
0.7000000000 1.2326636408 1.1979970452 
0.8000000000 1.2010213898 1.1999982553 
0.9000000000 1.2555496554 1.1936047052 
1.0000000000 1.3358361827 1.1280223552 
1.1000000000 1.3277276262 0.9121273482 
1.2000000000 1.1429069667 0.5954063567 
1.3000000000 0.7871852744 0.4682952772 
1.4000000000 0.3737590137 0.2390985409 
1.5000000000 0.0707416404 0.0468438124 
1.6000000000 0.0122392790 0.0081502303 
