0.0000000000 0.0000000000 0.0000000000 
0.0070000000 0.0002351846 0.0000000000 
0.0140000000 0.0009405542 0.0000000000 
0.0210000000 0.0021155556 0.0000000000 
0.0280000000 0.0037592678 0.0000000000 
0.0350000000 0.0058704023 0.0000000000 
0.0420000000 0.0084473039 0.0000000000 
0.0490000000 0.0114879525 0.0000000000 
0.0560000000 0.0149899644 0.0000000000 
0.0630000000 0.0189505942 0.0000000000 
0.0700000000 0.0233667370 0.0000000000 
0.0770000000 0.0282349307 0.0000000000 
0.0840000000 0.0335513590 0.0000000000 
0.0910000000 0.0393118540 0.0000000000 
0.0980000000 0.0455118998 0.0000000000 
0.1050000000 0.0521466358 0.0000000000 
0.1120000000 0.0592108608 0.0000000000 
0.1190000000 0.0666990368 0.0000000000 
0.1260000000 0.0746052935 0.0000000000 
0.1330000000 0.0829234327 0.0000000000 
0.1400000000 0.0916469334 0.0000000000 
0.1470000000 0.1007689569 0.0000000000 
0.1540000000 0.1102823519 0.0000000000 
0.1610000000 0.1201796606 0.0000000000 
0.1680000000 0.1304531237 0.0000000000 
0.1750000000 0.1410946876 0.0000000000 
0.1820000000 0.1520960098 0.0000000000 
0.1890000000 0.1634484657 0.0000000000 
0.1960000000 0.1751431557 0.0000000000 
0.2030000000 0.1871709117 0.0000000000 
0.2100000000 0.1995223045 0.0000000000 
0.2170000000 0.2121876513 0.0000000000 
0.2240000000 0.2251570232 0.0000000000 
0.2310000000 0.2384202527 0.0000000000 
0.2380000000 0.2519669423 0.0000000000 
0.2450000000 0.2657864719 0.0000000000 
0.2520000000 0.2798680079 0.0000000000 
0.2590000000 0.2942005109 0.0000000000 
0.2660000000 0.3087727450 0.0000000000 
0.2730000000 0.3235732864 0.0000000000 
0.2800000000 0.3385905322 0.0000000000 
0.2870000000 0.3538127097 0.0000000000 
0.2940000000 0.3692278853 0.0000000000 
0.3010000000 0.3848239745 0.0000000000 
0.3080000000 0.4005887506 0.0000000000 
0.3150000000 0.4165098550 0.0000000000 
0.3220000000 0.4325748062 0.0000000000 
0.3290000000 0.4487710102 0.0000000000 
0.3360000000 0.4650857700 0.0000000000 
0.3430000000 0.4815062956 0.0000000000 
0.3500000000 0.4980197143 0.0000000000 
0.3570000000 0.5146130802 0.0000000000 
0.3640000000 0.5312733851 0.0000000000 
0.3710000000 0.5479875682 0.0000000000 
0.3780000000 0.5647425263 0.0000000000 
0.3850000000 0.5815251246 0.0000000000 
0.3920000000 0.5983222061 0.0000000000 
0.3990000000 0.6151206030 0.0302412059 
0.4060000000 0.6319071461 0.0638142921 
0.4130000000 0.6486686756 0.0973373512 
0.4200000000 0.6653920513 0.1307841027 
0.4270000000 0.6820641631 0.1641283262 
0.4340000000 0.6986719407 0.1973438815 
0.4410000000 0.7152023646 0.2304047293 
0.4480000000 0.7316424758 0.2632849516 
0.4550000000 0.7479793860 0.2959587720 
0.4620000000 0.7642002879 0.3284005758 
0.4690000000 0.7802924652 0.3605849305 
0.4760000000 0.7962433025 0.3924866050 
0.4830000000 0.8120402950 0.4240805901 
0.4900000000 0.8276710589 0.4553421177 
0.4970000000 0.8431233403 0.4862466805 
0.5040000000 0.8583850254 0.5167700508 
0.5110000000 0.8734441499 0.5468882998 
0.5180000000 0.8882889082 0.5765778164 
0.5250000000 0.9029076628 0.6058153255 
0.5320000000 0.9172889532 0.6345779065 
0.5390000000 0.9314215054 0.6628430108 
0.5460000000 0.9452942401 0.6905884802 
0.5530000000 0.9588962818 0.7177925636 
0.5600000000 0.9722169672 0.7444339344 
0.5670000000 0.9852458536 0.7704917071 
0.5740000000 0.9979727269 0.7959454538 
0.5810000000 1.0103876100 0.8207752200 
0.5880000000 1.0224807703 0.8449615405 
0.5950000000 1.0342427272 0.8684854544 
0.6020000000 1.0456642601 0.8913285202 
0.6090000000 1.0567364151 0.9134728301 
0.6160000000 1.0674505121 0.9349010241 
0.6230000000 1.0777981518 0.9555963036 
0.6300000000 1.0877712223 0.9755424445 
0.6370000000 1.0973619051 0.9947238101 
0.6440000000 1.1065626816 1.0131253632 
0.6510000000 1.1153663390 1.0307326779 
0.6580000000 1.1237659755 1.0475319510 
0.6650000000 1.1317550063 1.0635100127 
0.6720000000 1.1393271685 1.0786543370 
0.6790000000 1.1464765257 1.0929530515 
0.6860000000 1.1531974734 1.1063949468 
0.6930000000 1.1594847426 1.1189694852 
0.7000000000 1.1653334044 1.1306668088 
0.7070000000 1.1707388738 1.1414777475 
0.7140000000 1.1756969131 1.1513938262 
0.7210000000 1.1802036355 1.1604072711 
0.7280000000 1.1842555080 1.1685110161 
0.7350000000 1.1878493541 1.1756987083 
0.7420000000 1.1909823565 1.1819647129 
0.7490000000 1.1936520589 1.1873041178 
0.7560000000 1.1958563685 1.1917127370 
0.7630000000 1.1975935573 1.1951871145 
0.7700000000 1.1988622633 1.1977245265 
0.7770000000 1.1996614919 1.1993229838 
0.7840000000 1.1999906167 1.1999812334 
0.7910000000 1.1998493796 1.1996987591 
0.7980000000 1.1992378912 1.1984757824 
0.8050000000 1.1981566311 1.1963132621 
0.8120000000 1.1966064468 1.1932128935 
0.8190000000 1.1945885536 1.1891771071 
0.8260000000 1.1921045334 1.1842090668 
0.8330000000 1.1891563336 1.1783126672 
0.8400000000 1.1857462654 1.1714925308 
0.8470000000 1.1818770021 1.1637540043 
0.8540000000 1.1775515771 1.1551031542 
0.8610000000 1.1727733812 1.1455467625 
0.8680000000 1.1675461604 1.1350923207 
0.8750000000 1.1618740124 1.1237480247 
0.8820000000 1.1557613839 1.1115227679 
0.8890000000 1.1492130670 1.0984261341 
0.8960000000 1.1422341952 1.0844683904 
0.9030000000 1.1348302396 1.0696604792 
0.9100000000 1.1270070044 1.0540140088 
0.9170000000 1.1187706228 1.0375412455 
0.9240000000 1.1101275515 1.0202551030 
0.9310000000 1.1010845664 1.0021691327 
0.9380000000 1.0916487566 0.9832975132 
0.9450000000 1.0818275194 0.9636550388 
0.9520000000 1.0716285541 0.9432571082 
0.9590000000 1.0610598562 0.9221197123 
0.9660000000 1.0501297109 0.9002594219 
0.9730000000 1.0388466870 0.8776933741 
0.9800000000 1.0272196298 0.8544392597 
0.9870000000 1.0152576543 0.8305153087 
0.9940000000 1.0029701381 0.8059402762 
1.0010000000 0.9903667139 0.7807334278 
1.0080000000 0.9774572622 0.7549145244 
1.0150000000 0.9642519033 0.7285038066 
1.0220000000 0.9507609896 0.7015219793 
1.0290000000 0.9369950973 0.6739901946 
1.0360000000 0.9229650180 0.6459300361 
1.0430000000 0.9086817508 0.6173635015 
1.0500000000 0.8941564928 0.5883129856 
1.0570000000 0.8794006312 0.5588012624 
1.0640000000 0.8644257339 0.5288514677 
1.0710000000 0.8492435403 0.4984870805 
1.0780000000 0.8338659525 0.4677319050 
1.0850000000 0.8183050258 0.4366100516 
1.0920000000 0.8025729592 0.4051459183 
1.0990000000 0.7866820857 0.3733641714 
1.1060000000 0.7706448630 0.3412897260 
1.1130000000 0.7544738635 0.3089477270 
1.1200000000 0.7381817644 0.2763635288 
1.1270000000 0.7217813379 0.2435626758 
1.1340000000 0.7052854410 0.2105708821 
1.1410000000 0.6887070058 0.1774140116 
1.1480000000 0.6720590288 0.1441180576 
1.1550000000 0.6553545612 0.1107091224 
1.1620000000 0.6386066985 0.0772133969 
1.1690000000 0.6218285701 0.0436571401 
1.1760000000 0.6050333292 0.0100666584 
1.1830000000 0.5882341424 0.0000000000 
1.1900000000 0.5714441795 0.0000000000 
1.1970000000 0.5546766029 0.0000000000 
1.2040000000 0.5379445575 0.0000000000 
1.2110000000 0.5212611604 0.0000000000 
1.2180000000 0.5046394905 0.0000000000 
1.2250000000 0.4880925783 0.0000000000 
1.2320000000 0.4716333959 0.0000000000 
1.2390000000 0.4552748463 0.0000000000 
1.2460000000 0.4390297538 0.0000000000 
1.2530000000 0.4229108537 0.0000000000 
1.2600000000 0.4069307825 0.0000000000 
1.2670000000 0.3911020676 0.0000000000 
1.2740000000 0.3754371180 0.0000000000 
1.2810000000 0.3599482142 0.0000000000 
1.2880000000 0.3446474987 0.0000000000 
1.2950000000 0.3295469665 0.0000000000 
1.3020000000 0.3146584556 0.0000000000 
1.3090000000 0.2999936378 0.0000000000 
1.3160000000 0.2855640097 0.0000000000 
1.3230000000 0.2713808833 0.0000000000 
1.3300000000 0.2574553775 0.0000000000 
1.3370000000 0.2437984091 0.0000000000 
1.3440000000 0.2304206845 0.0000000000 
1.3510000000 0.2173326911 0.0000000000 
1.3580000000 0.2045446894 0.0000000000 
1.3650000000 0.1920667043 0.0000000000 
1.3720000000 0.1799085180 0.0000000000 
1.3790000000 0.1680796620 0.0000000000 
1.3860000000 0.1565894093 0.0000000000 
1.3930000000 0.1454467679 0.0000000000 
1.4000000000 0.1346604729 0.0000000000 
