0.0000000000 0.0000000000 0.0000000000 
0.1000000000 0.3203273652 0.2729639616 
0.2000000000 1.1082555445 0.9262795701 
0.3000000000 1.9462396913 1.5636543440 
0.4000000000 2.4159850116 1.8335047250 
0.5000000000 2.3379673607 1.9876554626 
0.6000000000 1.8636871442 1.7061233736 
0.7000000000 1.3673241137 1.3326575181 
0.8000000000 1.2051104386 1.2040873041 
0.9000000000 1.4905388667 1.4285939165 
1.0000000000 2.0231362029 1.8153223755 
1.1000000000 2.4143834346 1.9987831566 
1.2000000000 2.3337196802 1.7862190702 
1.3000000000 1.7237758289 1.4048858317 
1.4000000000 0.8519560955 0.7172956226 
1.5000000000 0.1644292652 0.1405314371 
1.6000000000 0.0285397396 0.0244506909 
