0.0000000000 0.0000000000 0.0000000000 
0.1000000000 0.2293393780 0.1819759744 
0.2000000000 0.7994956878 0.6175197134 
0.3000000000 1.4250215766 1.0424362293 
0.4000000000 1.8164965789 1.2340162922 
0.5000000000 1.8418742744 1.4915623764 
0.6000000000 1.5899368393 1.4323730686 
0.7000000000 1.2999938773 1.2653272817 
0.8000000000 1.2030659142 1.2020427797 
0.9000000000 1.3730442611 1.3110993109 
1.0000000000 1.6794861928 1.4716723653 
1.1000000000 1.8710555304 1.4554552524 
1.2000000000 1.7383133234 1.1908127135 
1.3000000000 1.2554805517 0.9365905545 
1.4000000000 0.6128575546 0.4781970817 
1.5000000000 0.1175854528 0.0936876248 
1.6000000000 0.0203895093 0.0163004606 
