0.0000000000 0.0000000000 0.0000000000 
0.0070000000 0.0030567752 0.0028215961 
0.0140000000 0.0122172084 0.0112767427 
0.0210000000 0.0274516577 0.0253365497 
0.0280000000 0.0487108385 0.0449529839 
0.0350000000 0.0759260004 0.0700590446 
0.0420000000 0.1090091748 0.1005690076 
0.0490000000 0.1478534908 0.1363787380 
0.0560000000 0.1923335591 0.1773660699 
0.0630000000 0.2423059225 0.2233912515 
0.0700000000 0.2976095703 0.2742974540 
0.0770000000 0.3580665164 0.3299113426 
0.0840000000 0.4234824367 0.3900437075 
0.0910000000 0.4936473655 0.4544901513 
0.0980000000 0.5683364465 0.5230318323 
0.1050000000 0.6473107366 0.5954362583 
0.1120000000 0.7303180595 0.6714581305 
0.1190000000 0.8170939048 0.7508402320 
0.1260000000 0.9073623701 0.8333143590 
0.1330000000 1.0008371429 0.9186022904 
0.1400000000 1.0972225174 1.0064167927 
0.1470000000 1.1962144426 1.0964626557 
0.1540000000 1.2975015994 1.1884377555 
0.1610000000 1.4007664996 1.2820341407 
0.1680000000 1.5056866058 1.3769391374 
0.1750000000 1.6119354660 1.4728364699 
0.1820000000 1.7191838590 1.5694073911 
0.1890000000 1.8271009467 1.6663318195 
0.1960000000 1.9353554291 1.7632894789 
0.2030000000 2.0436166966 1.8599610351 
0.2100000000 2.1515559771 1.9560292269 
0.2170000000 2.2588474717 2.0511799858 
0.2240000000 2.3651694764 2.1451035416 
0.2310000000 2.4702054844 2.2374955081 
0.2380000000 2.5736452660 2.3280579470 
0.2450000000 2.6751859214 2.4165004038 
0.2520000000 2.7745329027 2.5025409138 
0.2590000000 2.8714010019 2.5859069733 
0.2660000000 2.9655153007 2.6663364729 
0.2730000000 3.0566120784 2.7435785898 
0.2800000000 3.1444396762 2.8173946353 
0.2870000000 3.2287593127 2.8875588545 
0.2940000000 3.3093458499 2.9538591763 
0.3010000000 3.3859885045 3.0160979097 
0.3080000000 3.4584915054 3.0740923850 
0.3150000000 3.5266746912 3.1276755368 
0.3220000000 3.5903740497 3.1766964285 
0.3290000000 3.6494421940 3.2210207139 
0.3360000000 3.7037487767 3.2605310372 
0.3430000000 3.7531808388 3.2951273680 
0.3500000000 3.7976430936 3.3247272719 
0.3570000000 3.8370581440 3.3492661144 
0.3640000000 3.8713666332 3.3686971994 
0.3710000000 3.9005273284 3.3829918405 
0.3780000000 3.9245171373 3.3921393657 
0.3850000000 3.9433310587 3.3961470566 
0.3920000000 3.9569820658 3.3950400206 
0.3990000000 3.9655009248 3.3888609998 
0.4060000000 3.9689359493 3.3776701149 
0.4130000000 3.9673526910 3.3731608353 
0.4200000000 3.9608335695 3.3810889824 
0.4270000000 3.9494774422 3.3840738356 
0.4340000000 3.9333991158 3.3822191587 
0.4410000000 3.9127288030 3.3756443321 
0.4480000000 3.8876115255 3.3644837630 
0.4550000000 3.8582064660 3.3488862442 
0.4620000000 3.8246862731 3.3290142649 
0.4690000000 3.7872363210 3.3050432751 
0.4760000000 3.7460539264 3.2771609090 
0.4830000000 3.7013475283 3.2455661682 
0.4900000000 3.6533358313 3.2104685698 
0.4970000000 3.6022469179 3.1720872618 
0.5040000000 3.5483173320 3.1306501106 
0.5110000000 3.4917911384 3.0863927629 
0.5180000000 3.4329189615 3.0395576869 
0.5250000000 3.3719570066 2.9903931955 
0.5320000000 3.3091660687 2.9391524574 
0.5390000000 3.2448105317 2.8860924969 
0.5460000000 3.1791573627 2.8314731894 
0.5530000000 3.1124751043 2.7755562548 
0.5600000000 3.0450328698 2.7186042523 
0.5670000000 2.9770993445 2.6608795825 
0.5740000000 2.9089417973 2.6026434982 
0.5810000000 2.8408251053 2.5441551293 
0.5880000000 2.7730107973 2.4856705244 
0.5950000000 2.7057561164 2.4274417138 
0.6020000000 2.6393131084 2.3697157962 
0.6090000000 2.5739277376 2.3127340530 
0.6160000000 2.5098390330 2.2567310933 
0.6230000000 2.4472782687 2.2019340333 
0.6300000000 2.3864681817 2.1485617112 
0.6370000000 2.3276222282 2.0968239428 
0.6440000000 2.2709438828 2.0469208183 
0.6510000000 2.2166259816 1.9990420434 
0.6580000000 2.1648501126 1.9533663277 
0.6650000000 2.1157860535 1.9100608210 
0.6720000000 2.0695912612 1.8692805997 
0.6790000000 2.0264104118 1.8311682057 
0.6860000000 1.9863749953 1.7958532381 
0.6930000000 1.9496029627 1.7634519991 
0.7000000000 1.9161984302 1.7340671953 
0.7070000000 1.8862514379 1.7077876948 
0.7140000000 1.8598377651 1.6846883407 
0.7210000000 1.8370188024 1.6648298207 
0.7280000000 1.8178414798 1.6482585934 
0.7350000000 1.8023382510 1.6350068714 
0.7420000000 1.7905271338 1.6250926588 
0.7490000000 1.7824118048 1.6185198456 
0.7560000000 1.7779817491 1.6152783543 
0.7630000000 1.7772124623 1.6153443412 
0.7700000000 1.7800657043 1.6186804489 
0.7770000000 1.7864898036 1.6252361083 
0.7840000000 1.7964200098 1.6349478906 
0.7910000000 1.8097788927 1.6477399047 
0.7980000000 1.8264767863 1.6635242399 
0.8050000000 1.8464122747 1.6822014509 
0.8120000000 1.8694727181 1.7036610829 
0.8190000000 1.8955348168 1.7277822338 
0.8260000000 1.9244652096 1.7544341524 
0.8330000000 1.9561211045 1.7834768675 
0.8400000000 1.9903509388 1.8147618476 
0.8470000000 2.0269950654 1.8481326860 
0.8540000000 2.0658864630 1.8834258099 
0.8610000000 2.1068514661 1.9204712097 
0.8680000000 2.1497105124 1.9590931856 
0.8750000000 2.1942789044 1.9991111076 
0.8820000000 2.2403675814 2.0403401875 
0.8890000000 2.2877838999 2.0825922574 
0.8960000000 2.3363324180 2.1256765531 
0.9030000000 2.3858156809 2.1694004987 
0.9100000000 2.4360350050 2.2135704892 
0.9170000000 2.4867912568 2.2579926683 
0.9240000000 2.5378856238 2.3024736971 
0.9310000000 2.5891203744 2.3468215131 
0.9380000000 2.6402996036 2.3908460740 
0.9450000000 2.6912299626 2.4343600847 
0.9520000000 2.7417213680 2.4771797054 
0.9590000000 2.7915876898 2.5191252365 
0.9660000000 2.8406474136 2.5600217789 
0.9730000000 2.8887242775 2.5996998677 
0.9800000000 2.9356478780 2.6379960758 
0.9870000000 2.9812542457 2.6747535859 
0.9940000000 3.0253863874 2.7098227300 
1.0010000000 3.0678947933 2.7430614921 
1.0080000000 3.1086379073 2.7743359755 
1.0150000000 3.1474825597 2.8035208308 
1.0220000000 3.1843043596 2.8304996447 
1.0290000000 3.2189880482 2.8551652877 
1.0360000000 3.2514278097 2.8774202211 
1.0430000000 3.2815275404 2.8971767602 
1.0500000000 3.3092010756 2.9143572959 
1.0570000000 3.3343723725 2.9288944726 
1.0640000000 3.3569756514 2.9407313222 
1.0710000000 3.3769554923 2.9498213553 
1.0780000000 3.3942668895 2.9561286091 
1.0850000000 3.4088752632 2.9596276517 
1.0920000000 3.4207564291 2.9603035450 
1.0990000000 3.4298965266 2.9581517655 
1.1060000000 3.4362919065 2.9531780841 
1.1130000000 3.4399489795 2.9453984069 
1.1200000000 3.4408840262 2.9348385768 
1.1270000000 3.4391229697 2.9215341380 
1.1340000000 3.4347011140 2.9055300653 
1.1410000000 3.4276628471 2.8868804587 
1.1480000000 3.4180613127 2.8656482061 
1.1550000000 3.4059580518 2.8419046152 
1.1620000000 3.3914226152 2.8157290167 
1.1690000000 3.3745321504 2.7872083417 
1.1760000000 3.3553709637 2.7564366739 
1.1830000000 3.3340300608 2.7445453414 
1.1900000000 3.3106066673 2.7326637137 
1.1970000000 3.2852037321 2.7187536205 
1.2040000000 3.2579294151 2.7029135700 
1.2110000000 3.2288965631 2.6852468144 
1.2180000000 3.1982221751 2.6658608250 
1.2250000000 3.1660268592 2.6448667606 
1.2320000000 3.1324342851 2.6223789297 
1.2390000000 3.0975706327 2.5985142500 
1.2460000000 3.0615640412 2.5733917072 
1.2530000000 3.0245440587 2.5471318161 
1.2600000000 2.9866410970 2.5198560845 
1.2670000000 2.9479858920 2.4916864847 
1.2740000000 2.9087089736 2.4627449332 
1.2810000000 2.8689401454 2.4331527803 
1.2880000000 2.8288079780 2.4030303133 
1.2950000000 2.7884393166 2.3724962738 
1.3020000000 2.7479588056 2.3416673921 
1.3090000000 2.7074884320 2.3106579388 
1.3160000000 2.6671470878 2.2795792978 
1.3230000000 2.6270501560 2.2485395598 
1.3300000000 2.5873091180 2.2176431390 
1.3370000000 2.5480311871 2.1869904141 
1.3440000000 2.5093189665 2.1566773949 
1.3510000000 2.4712701347 2.1267954156 
1.3580000000 2.4339771591 2.0974308545 
1.3650000000 2.3975270372 2.0686648831 
1.3720000000 2.3620010677 2.0405732436 
1.3790000000 2.3274746511 2.0132260555 
1.3860000000 2.2940171205 1.9866876525 
1.3930000000 2.2616916027 1.9610164487 
1.4000000000 2.2305549098 1.9362648351 
