0.0000000000 0.0000000000 0.0000000000 
0.0070000000 0.0007054451 0.0004702660 
0.0140000000 0.0028199228 0.0018794571 
0.0210000000 0.0063378661 0.0042227578 
0.0280000000 0.0112500176 0.0074921615 
0.0350000000 0.0175434595 0.0116764981 
0.0420000000 0.0252016573 0.0167614734 
0.0490000000 0.0342045144 0.0227297196 
0.0560000000 0.0445284386 0.0295608560 
0.0630000000 0.0561464204 0.0372315608 
0.0700000000 0.0690281230 0.0457156531 
0.0770000000 0.0831399819 0.0549841847 
0.0840000000 0.0984453169 0.0650055421 
0.0910000000 0.1149044523 0.0757455574 
0.0980000000 0.1324748489 0.0871676284 
0.1050000000 0.1511112434 0.0992328473 
0.1120000000 0.1707657977 0.1119001375 
0.1190000000 0.1913882563 0.1251263977 
0.1260000000 0.2129261106 0.1388666535 
0.1330000000 0.2353247716 0.1530742155 
0.1400000000 0.2585277476 0.1677008433 
0.1470000000 0.2824768286 0.1826969145 
0.1540000000 0.3071122757 0.1980116000 
0.1610000000 0.3323730149 0.2135930413 
0.1680000000 0.3581968344 0.2293885336 
0.1750000000 0.3845205854 0.2453447103 
0.1820000000 0.4112803849 0.2614077302 
0.1890000000 0.4384118206 0.2775234666 
0.1960000000 0.4658501559 0.2936376974 
0.2030000000 0.4935305359 0.3096962943 
0.2100000000 0.5213881922 0.3256454133 
0.2170000000 0.5493586470 0.3414316826 
0.2240000000 0.5773779145 0.3570023898 
0.2310000000 0.6053827004 0.3723056655 
0.2380000000 0.6333105969 0.3872906651 
0.2450000000 0.6611002751 0.4019077456 
0.2520000000 0.6886916711 0.4161086383 
0.2590000000 0.7160261677 0.4298466173 
0.2660000000 0.7430467697 0.4430766609 
0.2730000000 0.7696982725 0.4557556074 
0.2800000000 0.7959274239 0.4678423046 
0.2870000000 0.8216830777 0.4792977507 
0.2940000000 0.8469163390 0.4900852282 
0.3010000000 0.8715807011 0.5001704286 
0.3080000000 0.8956321732 0.5095215693 
0.3150000000 0.9190293978 0.5181094997 
0.3220000000 0.9417337592 0.5259077986 
0.3290000000 0.9637094804 0.5328928610 
0.3360000000 0.9849237106 0.5390439748 
0.3430000000 1.0053466007 0.5443433857 
0.3500000000 1.0249513685 0.5487763524 
0.3570000000 1.0437143520 0.5523311896 
0.3640000000 1.0616150517 0.5549992996 
0.3710000000 1.0786361611 0.5567751926 
0.3780000000 1.0947635858 0.5576564949 
0.3850000000 1.1099864506 0.5576439454 
0.3920000000 1.1242970958 0.5567413802 
0.3990000000 1.1376910612 0.5549557059 
0.4060000000 1.1501670592 0.5522968600 
0.4130000000 1.1617269367 0.5743984640 
0.4200000000 1.1723756258 0.6000112056 
0.4270000000 1.1821210841 0.6246359462 
0.4340000000 1.1909742240 0.6482721275 
0.4410000000 1.1989488324 0.6709221732 
0.4480000000 1.2060614802 0.6925914053 
0.4550000000 1.2123314227 0.7132879513 
0.4620000000 1.2177804906 0.7330226428 
0.4690000000 1.2224329733 0.7518089056 
0.4760000000 1.2263154929 0.7696626420 
0.4830000000 1.2294568720 0.7866021059 
0.4900000000 1.2318879936 0.8026477718 
0.4970000000 1.2336416549 0.8178221961 
0.5040000000 1.2347524151 0.8321498747 
0.5110000000 1.2352564385 0.8456570943 
0.5180000000 1.2351913320 0.8583717795 
0.5250000000 1.2345959795 0.8703233370 
0.5320000000 1.2335103724 0.8815424954 
0.5390000000 1.2319754381 0.8920611433 
0.5460000000 1.2300328650 0.9019121654 
0.5530000000 1.2277249282 0.9111292774 
0.5600000000 1.2250943126 0.9197468595 
0.5670000000 1.2221839371 0.9277997913 
0.5740000000 1.2190367791 0.9353232859 
0.5810000000 1.2156956999 0.9423527262 
0.5880000000 1.2122032728 0.9489235025 
0.5950000000 1.2086016131 0.9550708529 
0.6020000000 1.2049322116 0.9608297064 
0.6090000000 1.2012357717 0.9662345295 
0.6160000000 1.1975520510 0.9713191773 
0.6230000000 1.1939197081 0.9761167485 
0.6300000000 1.1903761543 0.9806594466 
0.6370000000 1.1869574118 0.9849784453 
0.6440000000 1.1836979785 0.9891037611 
0.6510000000 1.1806306993 0.9930641319 
0.6580000000 1.1777866453 0.9968869020 
0.6650000000 1.1751950006 1.0005979156 
0.6720000000 1.1728829577 1.0042214160 
0.6790000000 1.1708756207 1.0077799547 
0.6860000000 1.1691959185 1.0112943070 
0.6930000000 1.1678645260 1.0147833968 
0.7000000000 1.1668997959 1.0182642300 
0.7070000000 1.1663176987 1.0217518361 
0.7140000000 1.1661317740 1.0252592196 
0.7210000000 1.1663530905 1.0287973197 
0.7280000000 1.1669902165 1.0323749794 
0.7350000000 1.1680492006 1.0359989237 
0.7420000000 1.1695335622 1.0396737470 
0.7490000000 1.1714442917 1.0434019094 
0.7560000000 1.1737798615 1.0471837424 
0.7630000000 1.1765362461 1.0510174635 
0.7700000000 1.1797069525 1.0548991992 
0.7770000000 1.1832830593 1.0588230175 
0.7840000000 1.1872532662 1.0627809679 
0.7910000000 1.1916039519 1.0667631303 
0.7980000000 1.1963192409 1.0707576721 
0.8050000000 1.2013810788 1.0747509123 
0.8120000000 1.2067693163 1.0787273934 
0.8190000000 1.2124617998 1.0826699608 
0.8260000000 1.2184344708 1.0865598483 
0.8330000000 1.2246614712 1.0903767698 
0.8400000000 1.2311152556 1.0940990180 
0.8470000000 1.2377667096 1.0977035676 
0.8540000000 1.2445852737 1.1011661837 
0.8610000000 1.2515390722 1.1044615354 
0.8680000000 1.2585950463 1.1075633128 
0.8750000000 1.2657190921 1.1104443485 
0.8820000000 1.2728762011 1.1130767412 
0.8890000000 1.2800306042 1.1154319829 
0.8960000000 1.2871459177 1.1174810877 
0.9030000000 1.2941852911 1.1191947226 
0.9100000000 1.3011115564 1.1205433388 
0.9170000000 1.3078873778 1.1214973042 
0.9240000000 1.3144754010 1.1220270357 
0.9310000000 1.3208384028 1.1221031306 
0.9380000000 1.3269394390 1.1216964981 
0.9450000000 1.3327419909 1.1207784879 
0.9520000000 1.3382101096 1.1193210180 
0.9590000000 1.3433085574 1.1172966992 
0.9660000000 1.3480029459 1.1146789572 
0.9730000000 1.3522598709 1.1114421509 
0.9800000000 1.3560470424 1.1075616869 
0.9870000000 1.3593334102 1.1030141297 
0.9940000000 1.3620892843 1.0977773075 
1.0010000000 1.3642864499 1.0918304124 
1.0080000000 1.3658982759 1.0851540951 
1.0150000000 1.3668998178 1.0777305548 
1.0220000000 1.3672679132 1.0695436214 
1.0290000000 1.3669812711 1.0605788328 
1.0360000000 1.3660205526 1.0508235043 
1.0430000000 1.3643684459 1.0402667920 
1.0500000000 1.3620097316 1.0288997486 
1.0570000000 1.3589313411 1.0167153720 
1.0640000000 1.3551224070 1.0037086465 
1.0710000000 1.3505743045 0.9898765768 
1.0780000000 1.3452806849 0.9752182134 
1.0850000000 1.3392375003 0.9597346716 
1.0920000000 1.3324430203 0.9434291419 
1.0990000000 1.3248978398 0.9263068929 
1.1060000000 1.3166048785 0.9083752669 
1.1130000000 1.3075693718 0.8896436675 
1.1200000000 1.2977988537 0.8701235403 
1.1270000000 1.2873031312 0.8498283452 
1.1340000000 1.2760942511 0.8287735230 
1.1410000000 1.2641864583 0.8069764540 
1.1480000000 1.2515961469 0.7844564097 
1.1550000000 1.2383418039 0.7612344993 
1.1620000000 1.2244439456 0.7373336080 
1.1690000000 1.2099250473 0.7127783311 
1.1760000000 1.1948094658 0.6875949012 
1.1830000000 1.1791233569 0.6618111110 
1.1900000000 1.1628945863 0.6354562301 
1.1970000000 1.1461526344 0.6085609184 
1.2040000000 1.1289284976 0.5811571336 
1.2110000000 1.1112545832 0.5532780369 
1.2180000000 1.0931646015 0.5249578930 
1.2250000000 1.0746934529 0.4962319689 
1.2320000000 1.0558771124 0.4671364289 
1.2390000000 1.0367525108 0.4377082277 
1.2460000000 1.0173574134 0.4079850019 
1.2530000000 0.9977302970 0.3833472546 
1.2600000000 0.9779102247 0.3714488788 
1.2670000000 0.9579367208 0.3592469672 
1.2740000000 0.9378496436 0.3467784072 
1.2810000000 0.9176890594 0.3340805084 
1.2880000000 0.8974951158 0.3211908796 
1.2950000000 0.8773079165 0.3081473056 
1.3020000000 0.8571673971 0.2949876254 
1.3090000000 0.8371132023 0.2817496111 
1.3160000000 0.8171845656 0.2684708492 
1.3230000000 0.7974201912 0.2551886231 
1.3300000000 0.7778581394 0.2419397992 
1.3370000000 0.7585357140 0.2287607146 
1.3440000000 0.7394893555 0.2156870688 
1.3510000000 0.7207545358 0.2027538189 
1.3580000000 0.7023656597 0.1899950778 
1.3650000000 0.6843559692 0.1774440179 
1.3720000000 0.6667574540 0.1651327774 
1.3790000000 0.6496007663 0.1530923732 
1.3860000000 0.6329151424 0.1413526171 
1.3930000000 0.6167283283 0.1299420379 
1.4000000000 0.6010665129 0.1188878088 
