0.0000000000 0.0000000000 0.0000000000 
0.0070000000 0.0011757111 0.0009405320 
0.0140000000 0.0046993799 0.0037589142 
0.0210000000 0.0105606245 0.0084455162 
0.0280000000 0.0187421820 0.0149843260 
0.0350000000 0.0292199688 0.0233530074 
0.0420000000 0.0419631642 0.0335229802 
0.0490000000 0.0569343181 0.0454595232 
0.0560000000 0.0740894814 0.0591218988 
0.0630000000 0.0933783586 0.0744634989 
0.0700000000 0.1147444831 0.0914320133 
0.0770000000 0.1381254135 0.1099696163 
0.0840000000 0.1634529499 0.1300131751 
0.0910000000 0.1906533711 0.1514944761 
0.0980000000 0.2196476896 0.1743404690 
0.1050000000 0.2503519254 0.1984735293 
0.1120000000 0.2826773960 0.2238117357 
0.1190000000 0.3165310225 0.2502691638 
0.1260000000 0.3518156505 0.2777561933 
0.1330000000 0.3884303845 0.3061798283 
0.1400000000 0.4262709341 0.3354440296 
0.1470000000 0.4652299713 0.3654500570 
0.1540000000 0.5051974980 0.3960968220 
0.1610000000 0.5460612211 0.4272812471 
0.1680000000 0.5877069343 0.4588986332 
0.1750000000 0.6300189060 0.4908430307 
0.1820000000 0.6728802710 0.5230076163 
0.1890000000 0.7161734241 0.5552850711 
0.1960000000 0.7597804161 0.5875679599 
0.2030000000 0.8035833481 0.6197491113 
0.2100000000 0.8474647650 0.6517219949 
0.2170000000 0.8913080451 0.6833810961 
0.2240000000 0.9349977858 0.7146222866 
0.2310000000 0.9784201827 0.7453431884 
0.2380000000 1.0214634011 0.7754435319 
0.2450000000 1.0640179396 0.8048255044 
0.2520000000 1.1059769828 0.8333940894 
0.2590000000 1.1472367431 0.8610573949 
0.2660000000 1.1876967899 0.8877269698 
0.2730000000 1.2272603651 0.9133181063 
0.2800000000 1.2658346839 0.9377501291 
0.2870000000 1.3033312194 0.9609466676 
0.2940000000 1.3396659708 0.9828359130 
0.3010000000 1.3747597137 1.0033508575 
0.3080000000 1.4085382317 1.0224295150 
0.3150000000 1.4409325287 1.0400151236 
0.3220000000 1.4718790212 1.0560563273 
0.3290000000 1.5013197098 1.0705073384 
0.3360000000 1.5292023298 1.0833280782 
0.3430000000 1.5554804796 1.0944842969 
0.3500000000 1.5801137276 1.1039476709 
0.3570000000 1.6030676963 1.1116958786 
0.3640000000 1.6243141243 1.1177126539 
0.3710000000 1.6438309057 1.1219878164 
0.3780000000 1.6616021063 1.1245172799 
0.3850000000 1.6776179577 1.1253030375 
0.3920000000 1.6918748289 1.1243531252 
0.3990000000 1.7043751758 1.1216815618 
0.4060000000 1.7151274685 1.1173082684 
0.4130000000 1.7241460970 1.1368939670 
0.4200000000 1.7314512570 1.1591740197 
0.4270000000 1.7370688134 1.1796828947 
0.4340000000 1.7410301460 1.1984405869 
0.4410000000 1.7433719745 1.2154725397 
0.4480000000 1.7441361660 1.2308094580 
0.4550000000 1.7433695251 1.2444871048 
0.4620000000 1.7411235666 1.2565460805 
0.4690000000 1.7374542737 1.2670315870 
0.4760000000 1.7324218405 1.2759931777 
0.4830000000 1.7260904022 1.2834844940 
0.4900000000 1.7185277514 1.2895629893 
0.4970000000 1.7098050446 1.2942896427 
0.5040000000 1.6999964977 1.2977286622 
0.5110000000 1.6891790730 1.2999471793 
0.5180000000 1.6774321586 1.3010149369 
0.5250000000 1.6648372415 1.3010039704 
0.5320000000 1.6514775755 1.2999882843 
0.5390000000 1.6374378455 1.2980435248 
0.5460000000 1.6228038297 1.2952466512 
0.5530000000 1.6076620602 1.2916756050 
0.5600000000 1.5920994840 1.2874089803 
0.5670000000 1.5762031255 1.2825256953 
0.5740000000 1.5600597518 1.2771046666 
0.5810000000 1.5437555423 1.2712244880 
0.5880000000 1.5273757628 1.2649631139 
0.5950000000 1.5110044470 1.2583975495 
0.6020000000 1.4947240854 1.2516035486 
0.6090000000 1.4786153222 1.2446553199 
0.6160000000 1.4627566636 1.2376252429 
0.6230000000 1.4472241956 1.2305835948 
0.6300000000 1.4320913146 1.2235982888 
0.6370000000 1.4174284708 1.2167346253 
0.6440000000 1.4033029249 1.2100550559 
0.6510000000 1.3897785203 1.2036189624 
0.6580000000 1.3769154694 1.1974824501 
0.6650000000 1.3647701572 1.1916981570 
0.6720000000 1.3533949611 1.1863150789 
0.6790000000 1.3428380877 1.1813784117 
0.6860000000 1.3331434279 1.1769294105 
0.6930000000 1.3243504295 1.1730052660 
0.7000000000 1.3164939891 1.1696389995 
0.7070000000 1.3096043620 1.1668593751 
0.7140000000 1.3037070918 1.1646908311 
0.7210000000 1.2988229583 1.1631534291 
0.7280000000 1.2949679449 1.1622628215 
0.7350000000 1.2921532255 1.1620302378 
0.7420000000 1.2903851694 1.1624624885 
0.7490000000 1.2896653656 1.1635619876 
0.7560000000 1.2899906657 1.1653267924 
0.7630000000 1.2913532443 1.1677506609 
0.7700000000 1.2937406781 1.1708231264 
0.7770000000 1.2971360414 1.1745295881 
0.7840000000 1.3015180189 1.1788514184 
0.7910000000 1.3068610347 1.1837660851 
0.7980000000 1.3131353962 1.1892472891 
0.8050000000 1.3203074537 1.1952651152 
0.8120000000 1.3283397734 1.2017861973 
0.8190000000 1.3371913236 1.2087738957 
0.8260000000 1.3468176738 1.2161884861 
0.8330000000 1.3571712047 1.2239873599 
0.8400000000 1.3682013290 1.2321252336 
0.8470000000 1.3798547219 1.2405543687 
0.8540000000 1.3920755595 1.2492247980 
0.8610000000 1.4048057656 1.2580845604 
0.8680000000 1.4179852643 1.2670799406 
0.8750000000 1.4315522383 1.2761557148 
0.8820000000 1.4454433918 1.2852554000 
0.8890000000 1.4595942158 1.2943215057 
0.8960000000 1.4739392565 1.3032957885 
0.9030000000 1.4884123841 1.3121195068 
0.9100000000 1.5029470623 1.3207336755 
0.9170000000 1.5174766158 1.3290793195 
0.9240000000 1.5319344966 1.3370977246 
0.9310000000 1.5462545463 1.3447306856 
0.9380000000 1.5603712551 1.3519207498 
0.9450000000 1.5742200150 1.3586114549 
0.9520000000 1.5877373668 1.3647475615 
0.9590000000 1.6008612406 1.3702752775 
0.9660000000 1.6135311882 1.3751424750 
0.9730000000 1.6256886063 1.3792988987 
0.9800000000 1.6372769505 1.3826963634 
0.9870000000 1.6482419392 1.3852889422 
0.9940000000 1.6585317460 1.3870331431 
1.0010000000 1.6680971807 1.3878880731 
1.0080000000 1.6768918577 1.3878155908 
1.0150000000 1.6848723523 1.3867804449 
1.0220000000 1.6919983427 1.3847503996 
1.0290000000 1.6982327393 1.3816963458 
1.0360000000 1.7035417991 1.3775923968 
1.0430000000 1.7078952260 1.3724159707 
1.0500000000 1.7112662569 1.3661478560 
1.0570000000 1.7136317319 1.3587722628 
1.0640000000 1.7149721510 1.3502768582 
1.0710000000 1.7152717145 1.3406527864 
1.0780000000 1.7145183493 1.3298946743 
1.0850000000 1.7127037199 1.3180006216 
1.0920000000 1.7098232247 1.3049721781 
1.0990000000 1.7058759779 1.2908143077 
1.1060000000 1.7008647768 1.2755353415 
1.1130000000 1.6947960550 1.2591469225 
1.1200000000 1.6876798225 1.2416639454 
1.1270000000 1.6795295918 1.2231045002 
1.1340000000 1.6703622917 1.2034898370 
1.1410000000 1.6601981686 1.1828444042 
1.1480000000 1.6490606761 1.1611961337 
1.1550000000 1.6369763533 1.1385777514 
1.1620000000 1.6239746930 1.1151012246 
1.1690000000 1.6100879996 1.0908491113 
1.1760000000 1.5953512381 1.0657425938 
1.1830000000 1.5798018744 1.0401010412 
1.1900000000 1.5634797087 1.0137159906 
1.1970000000 1.5464267010 0.9866215268 
1.2040000000 1.5286867912 0.9588638907 
1.2110000000 1.5103057139 0.9304930429 
1.2180000000 1.4913308086 0.9015609496 
1.2250000000 1.4718108262 0.8721209757 
1.2320000000 1.4517957331 0.8500478640 
1.2390000000 1.4313365133 0.8388484620 
1.2460000000 1.4104849692 0.8271141622 
1.2530000000 1.3892935222 0.8148927688 
1.2600000000 1.3678150142 0.8022326271 
1.2670000000 1.3461025104 0.7891824299 
1.2740000000 1.3242091039 0.7757910279 
1.2810000000 1.3021877237 0.7621072437 
1.2880000000 1.2800909462 0.7481796904 
1.2950000000 1.2579708116 0.7340565939 
1.3020000000 1.2358786444 0.7197856207 
1.3090000000 1.2138648809 0.7054137107 
1.3160000000 1.1919789026 0.6909869161 
1.3230000000 1.1702688763 0.6765502470 
1.3300000000 1.1487816023 0.6621475236 
1.3370000000 1.1275623708 0.6478212362 
1.3440000000 1.1066548262 0.6336124136 
1.3510000000 1.0861008413 0.6195604991 
1.3580000000 1.0659404002 0.6057032364 
1.3650000000 1.0462114912 0.5920765639 
1.3720000000 1.0269500101 0.5787145187 
1.3790000000 1.0081896730 0.5656491512 
1.3860000000 0.9899619403 0.5529104483 
1.3930000000 0.9722959513 0.5405262683 
1.4000000000 0.9552184690 0.5285222849 
