0.0000000000 0.0000000000 0.0000000000 
0.0070000000 0.0002351791 0.0000000000 
0.0140000000 0.0009404657 0.0000000000 
0.0210000000 0.0021151080 0.0000000000 
0.0280000000 0.0037578546 0.0000000000 
0.0350000000 0.0058669558 0.0000000000 
0.0420000000 0.0084401672 0.0000000000 
0.0490000000 0.0114747528 0.0000000000 
0.0560000000 0.0149674892 0.0000000000 
0.0630000000 0.0189146710 0.0000000000 
0.0700000000 0.0233121163 0.0000000000 
0.0770000000 0.0281551738 0.0000000000 
0.0840000000 0.0334387292 0.0000000000 
0.0910000000 0.0391572142 0.0000000000 
0.0980000000 0.0453046142 0.0000000000 
0.1050000000 0.0518744783 0.0000000000 
0.1120000000 0.0588599290 0.0000000000 
0.1190000000 0.0662536728 0.0000000000 
0.1260000000 0.0740480111 0.0000000000 
0.1330000000 0.0822348526 0.0000000000 
0.1400000000 0.0908057247 0.0000000000 
0.1470000000 0.0997517869 0.0000000000 
0.1540000000 0.1090638438 0.0000000000 
0.1610000000 0.1187323589 0.0000000000 
0.1680000000 0.1287474684 0.0000000000 
0.1750000000 0.1390989961 0.0000000000 
0.1820000000 0.1497764679 0.0000000000 
0.1890000000 0.1607691272 0.0000000000 
0.1960000000 0.1720659502 0.0000000000 
0.2030000000 0.1836556615 0.0000000000 
0.2100000000 0.1955267502 0.0000000000 
0.2170000000 0.2076674859 0.0000000000 
0.2240000000 0.2200659348 0.0000000000 
0.2310000000 0.2327099763 0.0000000000 
0.2380000000 0.2455873190 0.0000000000 
0.2450000000 0.2586855175 0.0000000000 
0.2520000000 0.2719919888 0.0000000000 
0.2590000000 0.2854940286 0.0000000000 
0.2660000000 0.2991788278 0.0000000000 
0.2730000000 0.3130334886 0.0000000000 
0.2800000000 0.3270450409 0.0000000000 
0.2870000000 0.3412004582 0.0000000000 
0.2940000000 0.3554866735 0.0000000000 
0.3010000000 0.3698905948 0.0000000000 
0.3080000000 0.3843991204 0.0000000000 
0.3150000000 0.3989991544 0.0000000000 
0.3220000000 0.4136776212 0.0000000000 
0.3290000000 0.4284214800 0.0000000000 
0.3360000000 0.4432177394 0.0000000000 
0.3430000000 0.4580534708 0.0000000000 
0.3500000000 0.4729158218 0.0000000000 
0.3570000000 0.4877920297 0.0000000000 
0.3640000000 0.5026694338 0.0000000000 
0.3710000000 0.5175354879 0.0000000000 
0.3780000000 0.5323777716 0.0000000000 
0.3850000000 0.5471840022 0.0000000000 
0.3920000000 0.5619420453 0.0000000000 
0.3990000000 0.5766399250 0.0000000000 
0.4060000000 0.5912658344 0.0000000000 
0.4130000000 0.6058081444 0.0116162887 
0.4200000000 0.6202554129 0.0405108258 
0.4270000000 0.6345963934 0.0691927869 
0.4340000000 0.6488200429 0.0976400858 
0.4410000000 0.6629155290 0.1258310580 
0.4480000000 0.6768722375 0.1537444750 
0.4550000000 0.6906797783 0.1813595565 
0.4620000000 0.7043279917 0.2086559835 
0.4690000000 0.7178069541 0.2356139083 
0.4760000000 0.7311069826 0.2622139653 
0.4830000000 0.7442186400 0.2884372799 
0.4900000000 0.7571327384 0.3142654769 
0.4970000000 0.7698403439 0.3396806877 
0.5040000000 0.7823327786 0.3646655572 
0.5110000000 0.7946016245 0.3892032490 
0.5180000000 0.8066387254 0.4132774507 
0.5250000000 0.8184361889 0.4368723779 
0.5320000000 0.8299863887 0.4599727775 
0.5390000000 0.8412819652 0.4825639303 
0.5460000000 0.8523158267 0.5046316534 
0.5530000000 0.8630811504 0.5261623009 
0.5600000000 0.8735713825 0.5471427649 
0.5670000000 0.8837802380 0.5675604759 
0.5740000000 0.8937017010 0.5874034019 
0.5810000000 0.9033300239 0.6066600479 
0.5880000000 0.9126597271 0.6253194542 
0.5950000000 0.9216855975 0.6433711949 
0.6020000000 0.9304026878 0.6608053756 
0.6090000000 0.9388063153 0.6776126307 
0.6160000000 0.9468920604 0.6937841207 
0.6230000000 0.9546557646 0.7093115292 
0.6300000000 0.9620935295 0.7241870591 
0.6370000000 0.9692017146 0.7384034293 
0.6440000000 0.9759769355 0.7519538710 
0.6510000000 0.9824160617 0.7648321235 
0.6580000000 0.9885162151 0.7770324303 
0.6650000000 0.9942747675 0.7885495350 
0.6720000000 0.9996893385 0.7993786770 
0.6790000000 1.0047577939 0.8095155877 
0.6860000000 1.0094782428 0.8189564856 
0.6930000000 1.0138490364 0.8276980728 
0.7000000000 1.0178687651 0.8357375301 
0.7070000000 1.0215362570 0.8430725139 
0.7140000000 1.0248505756 0.8497011513 
0.7210000000 1.0278110183 0.8556220365 
0.7280000000 1.0304171136 0.8608342272 
0.7350000000 1.0326686203 0.8653372406 
0.7420000000 1.0345655250 0.8691310501 
0.7490000000 1.0361080407 0.8722160815 
0.7560000000 1.0372966051 0.8745932102 
0.7630000000 1.0381318789 0.8762637578 
0.7700000000 1.0386147446 0.8772294891 
0.7770000000 1.0387463047 0.8774926094 
0.7840000000 1.0385278808 0.8770557617 
0.7910000000 1.0379610120 0.8759220239 
0.7980000000 1.0370474536 0.8740949071 
0.8050000000 1.0357891763 0.8715783525 
0.8120000000 1.0341883648 0.8683767296 
0.8190000000 1.0322474170 0.8644948340 
0.8260000000 1.0299689428 0.8599378855 
0.8330000000 1.0273557630 0.8547115261 
0.8400000000 1.0244109089 0.8488218178 
0.8470000000 1.0211376207 0.8422752413 
0.8540000000 1.0175393469 0.8350786939 
0.8610000000 1.0136197436 0.8272394873 
0.8680000000 1.0093826731 0.8187653463 
0.8750000000 1.0048322032 0.8096644065 
0.8820000000 0.9999726061 0.7999452123 
0.8890000000 0.9948083575 0.7896167149 
0.8960000000 0.9893441350 0.7786882701 
0.9030000000 0.9835848177 0.7671696355 
0.9100000000 0.9775354842 0.7550709684 
0.9170000000 0.9712014114 0.7424028228 
0.9240000000 0.9645880732 0.7291761465 
0.9310000000 0.9577011387 0.7154022774 
0.9380000000 0.9505464703 0.7010929407 
0.9450000000 0.9431301221 0.6862602442 
0.9520000000 0.9354583374 0.6709166748 
0.9590000000 0.9275375467 0.6550750934 
0.9660000000 0.9193743653 0.6387487305 
0.9730000000 0.9109755902 0.6219511804 
0.9800000000 0.9023481978 0.6046963956 
0.9870000000 0.8934993403 0.5869986805 
0.9940000000 0.8844363426 0.5688726852 
1.0010000000 0.8751666988 0.5503333976 
1.0080000000 0.8656980682 0.5313961363 
1.0150000000 0.8560382712 0.5120765423 
1.0220000000 0.8461952851 0.4923905702 
1.0290000000 0.8361772396 0.4723544791 
1.0360000000 0.8259924114 0.4519848228 
1.0430000000 0.8156492197 0.4312984394 
1.0500000000 0.8051562203 0.4103124406 
1.0570000000 0.7945221000 0.3890442001 
1.0640000000 0.7837556707 0.3675113415 
1.0710000000 0.7728658630 0.3457317260 
1.0780000000 0.7618617196 0.3237234391 
1.0850000000 0.7507523884 0.3015047769 
1.0920000000 0.7395471159 0.2790942318 
1.0990000000 0.7282552389 0.2565104778 
1.1060000000 0.7168861776 0.2337723552 
1.1130000000 0.7054494274 0.2108988548 
1.1200000000 0.6939545506 0.1879091012 
1.1270000000 0.6824111682 0.1648223365 
1.1340000000 0.6708289512 0.1416579024 
1.1410000000 0.6592176116 0.1184352232 
1.1480000000 0.6475868934 0.0951737868 
1.1550000000 0.6359465634 0.0718931268 
1.1620000000 0.6243064015 0.0486128031 
1.1690000000 0.6126761914 0.0253523827 
1.1760000000 0.6010657102 0.0021314205 
1.1830000000 0.5894847193 0.0000000000 
1.1900000000 0.5779429536 0.0000000000 
1.1970000000 0.5664501116 0.0000000000 
1.2040000000 0.5550158450 0.0000000000 
1.2110000000 0.5436497488 0.0000000000 
1.2180000000 0.5323613502 0.0000000000 
1.2250000000 0.5211600986 0.0000000000 
1.2320000000 0.5100553554 0.0000000000 
1.2390000000 0.4990563828 0.0000000000 
1.2460000000 0.4881723340 0.0000000000 
1.2530000000 0.4774122426 0.0000000000 
1.2600000000 0.4667850125 0.0000000000 
1.2670000000 0.4562994073 0.0000000000 
1.2740000000 0.4459640404 0.0000000000 
1.2810000000 0.4357873651 0.0000000000 
1.2880000000 0.4257776647 0.0000000000 
1.2950000000 0.4159430427 0.0000000000 
1.3020000000 0.4062914136 0.0000000000 
1.3090000000 0.3968304932 0.0000000000 
1.3160000000 0.3875677900 0.0000000000 
1.3230000000 0.3785105961 0.0000000000 
1.3300000000 0.3696659791 0.0000000000 
1.3370000000 0.3610407731 0.0000000000 
1.3440000000 0.3526415715 0.0000000000 
1.3510000000 0.3444747191 0.0000000000 
1.3580000000 0.3365463047 0.0000000000 
1.3650000000 0.3288621541 0.0000000000 
1.3720000000 0.3214278241 0.0000000000 
1.3790000000 0.3142485956 0.0000000000 
1.3860000000 0.3073294680 0.0000000000 
1.3930000000 0.3006751541 0.0000000000 
1.4000000000 0.2942900747 0.0000000000 
