0.0000000000 0.0000000000 0.0000000000 
0.0070000000 0.0007054451 0.0004702660 
0.0140000000 0.0028199228 0.0018794571 
0.0210000000 0.0063378661 0.0042227578 
0.0280000000 0.0112500176 0.0074921615 
0.0350000000 0.0175434595 0.0116764981 
0.0420000000 0.0252016573 0.0167614734 
0.0490000000 0.0342045144 0.0227297196 
0.0560000000 0.0445284386 0.0295608560 
0.0630000000 0.0561464204 0.0372315608 
0.0700000000 0.0690281230 0.0457156531 
0.0770000000 0.0831399819 0.0549841847 
0.0840000000 0.0984453169 0.0650055421 
0.0910000000 0.1149044523 0.0757455574 
0.0980000000 0.1324748489 0.0871676284 
0.1050000000 0.1511112434 0.0992328473 
0.1120000000 0.1707657977 0.1119001375 
0.1190000000 0.1913882562 0.1251263977 
0.1260000000 0.2129261105 0.1388666535 
0.1330000000 0.2353247713 0.1530742155 
0.1400000000 0.2585277471 0.1677008432 
0.1470000000 0.2824768278 0.1826969145 
0.1540000000 0.3071122745 0.1980115999 
0.1610000000 0.3323730130 0.2135930412 
0.1680000000 0.3581968315 0.2293885334 
0.1750000000 0.3845205810 0.2453447099 
0.1820000000 0.4112803785 0.2614077296 
0.1890000000 0.4384118113 0.2775234658 
0.1960000000 0.4658501427 0.2936376960 
0.2030000000 0.4935305172 0.3096962923 
0.2100000000 0.5213881663 0.3256454103 
0.2170000000 0.5493586114 0.3414316782 
0.2240000000 0.5773778660 0.3570023834 
0.2310000000 0.6053826350 0.3723056565 
0.2380000000 0.6333105097 0.3872906524 
0.2450000000 0.6611001598 0.4019077277 
0.2520000000 0.6886915199 0.4161086136 
0.2590000000 0.7160259709 0.4298465834 
0.2660000000 0.7430465156 0.4430766148 
0.2730000000 0.7696979468 0.4557555454 
0.2800000000 0.7959270093 0.4678422218 
0.2870000000 0.8216825532 0.4792976409 
0.2940000000 0.8469156798 0.4900850838 
0.3010000000 0.8715798776 0.5001702402 
0.3080000000 0.8956311503 0.5095213251 
0.3150000000 0.9190281342 0.5181091852 
0.3220000000 0.9417322064 0.5259073963 
0.3290000000 0.9637075819 0.5328923496 
0.3360000000 0.9849214006 0.5390433285 
0.3430000000 1.0053438032 0.5443425736 
0.3500000000 1.0249479958 0.5487753376 
0.3570000000 1.0437103035 0.5523299282 
0.3640000000 1.0616102123 0.5549977399 
0.3710000000 1.0786303997 0.5567732736 
0.3780000000 1.0947567534 0.5576541453 
0.3850000000 1.1099783788 0.5576410821 
0.3920000000 1.1242875946 0.5567379070 
0.3990000000 1.1376799170 0.5549515116 
0.4060000000 1.1501540327 0.5522918166 
0.4130000000 1.1617117608 0.5743750559 
0.4200000000 1.1723580031 0.5999842945 
0.4270000000 1.1821006844 0.6246051130 
0.4340000000 1.1909506820 0.6482369176 
0.4410000000 1.1989217450 0.6708820957 
0.4480000000 1.2060304037 0.6925459318 
0.4550000000 1.2122958703 0.7132365154 
0.4620000000 1.2177399299 0.7329646396 
0.4690000000 1.2223868230 0.7517436914 
0.4760000000 1.2262631207 0.7695895347 
0.4830000000 1.2293975915 0.7865203859 
0.4900000000 1.2318210618 0.8025566824 
0.4970000000 1.2335662696 0.8177209457 
0.5040000000 1.2346677127 0.8320376382 
0.5110000000 1.2351614914 0.8455330160 
0.5180000000 1.2350851465 0.8582349762 
0.5250000000 1.2344774941 0.8701729016 
0.5320000000 1.2333784560 0.8813775014 
0.5390000000 1.2318288882 0.8918806500 
0.5460000000 1.2298704073 0.9017152236 
0.5530000000 1.2275452154 0.9109149357 
0.5600000000 1.2248959240 0.9195141720 
0.5670000000 1.2219653789 0.9275478253 
0.5740000000 1.2187964849 0.9350511313 
0.5810000000 1.2154320317 0.9420595047 
0.5880000000 1.2119145228 0.9486083786 
0.5950000000 1.2082860058 0.9547330448 
0.6020000000 1.2045879069 0.9604684983 
0.6090000000 1.2008608683 0.9658492848 
0.6160000000 1.1971445910 0.9709093520 
0.6230000000 1.1934776821 0.9756819059 
0.6300000000 1.1898975071 0.9801992723 
0.6370000000 1.1864400497 0.9844927632 
0.6440000000 1.1831397766 0.9885925499 
0.6510000000 1.1800295104 0.9925275419 
0.6580000000 1.1771403094 0.9963252731 
0.6650000000 1.1745013557 1.0000117947 
0.6720000000 1.1721398511 1.0036115757 
0.6790000000 1.1700809221 1.0071474116 
0.6860000000 1.1683475331 1.0106403403 
0.6930000000 1.1669604098 1.0141095672 
0.7000000000 1.1659379710 1.0175723979 
0.7070000000 1.1652962705 1.0210441803 
0.7140000000 1.1650489489 1.0245382552 
0.7210000000 1.1652071947 1.0280659155 
0.7280000000 1.1657797163 1.0316363748 
0.7350000000 1.1667727228 1.0352567446 
0.7420000000 1.1681899160 1.0389320211 
0.7490000000 1.1700324916 1.0426650801 
0.7560000000 1.1722991505 1.0464566817 
0.7630000000 1.1749861202 1.0503054830 
0.7700000000 1.1780871853 1.0542080599 
0.7770000000 1.1815937281 1.0581589376 
0.7840000000 1.1854947776 1.0621506287 
0.7910000000 1.1897770686 1.0661736804 
0.7980000000 1.1944251083 1.0702167285 
0.8050000000 1.1994212523 1.0742665597 
0.8120000000 1.2047457880 1.0783081811 
0.8190000000 1.2103770259 1.0823248961 
0.8260000000 1.2162913982 1.0862983877 
0.8330000000 1.2224635641 1.0902088073 
0.8400000000 1.2288665212 1.0940348699 
0.8470000000 1.2354717238 1.0977539542 
0.8540000000 1.2422492051 1.1013422082 
0.8610000000 1.2491677056 1.1047746591 
0.8680000000 1.2561948051 1.1080253270 
0.8750000000 1.2632970588 1.1110673428 
0.8820000000 1.2704401366 1.1138730691 
0.8890000000 1.2775889651 1.1164142232 
0.8960000000 1.2847078715 1.1186620031 
0.9030000000 1.2917607298 1.1205872144 
0.9100000000 1.2987111068 1.1221603991 
0.9170000000 1.3055224098 1.1233519644 
0.9240000000 1.3121580328 1.1241323120 
0.9310000000 1.3185815034 1.1244719670 
0.9380000000 1.3247566272 1.1243417060 
0.9450000000 1.3306476308 1.1237126836 
0.9520000000 1.3362193027 1.1225565576 
0.9590000000 1.3414371308 1.1208456118 
0.9660000000 1.3462674370 1.1185528752 
0.9730000000 1.3506775072 1.1156522395 
0.9800000000 1.3546357174 1.1121185716 
0.9870000000 1.3581116552 1.1079278231 
0.9940000000 1.3610762350 1.1030571348 
1.0010000000 1.3635018089 1.0974849364 
1.0080000000 1.3653622702 1.0911910411 
1.0150000000 1.3666331515 1.0841567352 
1.0220000000 1.3672917153 1.0763648610 
1.0290000000 1.3673170381 1.0677998941 
1.0360000000 1.3666900870 1.0584480142 
1.0430000000 1.3653937882 1.0482971696 
1.0500000000 1.3634130891 1.0373371343 
1.0570000000 1.3607350105 1.0255595585 
1.0640000000 1.3573486928 1.0129580117 
1.0710000000 1.3532454324 0.9995280190 
1.0780000000 1.3484187107 0.9852670892 
1.0850000000 1.3428642144 0.9701747360 
1.0920000000 1.3365798478 0.9542524916 
1.0990000000 1.3295657363 0.9375039131 
1.1060000000 1.3218242226 0.9199345806 
1.1130000000 1.3133598536 0.9015520887 
1.1200000000 1.3041793601 0.8823660302 
1.1270000000 1.2942916281 0.8623879729 
1.1340000000 1.2837076631 0.8416314289 
1.1410000000 1.2724405462 0.8201118177 
1.1480000000 1.2605053832 0.7978464215 
1.1550000000 1.2479192467 0.7748543351 
1.1620000000 1.2347011119 0.7511564090 
1.1690000000 1.2208717853 0.7267751866 
1.1760000000 1.2064538279 0.7017348358 
1.1830000000 1.1914714723 0.6760610754 
1.1900000000 1.1759505353 0.6497810963 
1.1970000000 1.1599183244 0.6229234780 
1.2040000000 1.1434035404 0.5955181013 
1.2110000000 1.1264361764 0.5675960566 
1.2180000000 1.1090474122 0.5391895493 
1.2250000000 1.0912695060 0.5103318016 
1.2320000000 1.0731356834 0.4810569519 
1.2390000000 1.0546800237 0.4513999529 
1.2460000000 1.0359373451 0.4213964663 
1.2530000000 1.0169430877 0.3910827579 
1.2600000000 0.9977331958 0.3604955910 
1.2670000000 0.9783440006 0.3466625202 
1.2740000000 0.9588121015 0.3349210977 
1.2810000000 0.9391742491 0.3229719931 
1.2880000000 0.9194672287 0.3108503458 
1.2950000000 0.8997277448 0.2985913391 
1.3020000000 0.8799923082 0.2862300864 
1.3090000000 0.8602971244 0.2738015206 
1.3160000000 0.8406779855 0.2613402853 
1.3230000000 0.8211701646 0.2488806286 
1.3300000000 0.8018083137 0.2364563010 
1.3370000000 0.7826263653 0.2241004558 
1.3440000000 0.7636574381 0.2118455539 
1.3510000000 0.7449337474 0.1997232724 
1.3580000000 0.7264865195 0.1877644175 
1.3650000000 0.7083459116 0.1759988423 
1.3720000000 0.6905409369 0.1644553687 
1.3790000000 0.6730993947 0.1531617150 
1.3860000000 0.6560478064 0.1421444278 
1.3930000000 0.6394113572 0.1314288204 
1.4000000000 0.6232138438 0.1210389149 
