0.0000000000 0.0000000000 0.0000000000 
0.0070000000 0.0021162432 0.0018810641 
0.0140000000 0.0084582942 0.0075178285 
0.0210000000 0.0190061413 0.0168910330 
0.0280000000 0.0337265110 0.0299686550 
0.0350000000 0.0525729874 0.0467060260 
0.0420000000 0.0754861778 0.0670459939 
0.0490000000 0.1023939255 0.0909191306 
0.0560000000 0.1332115670 0.1182439843 
0.0630000000 0.1678422349 0.1489273752 
0.0700000000 0.2061772035 0.1828647336 
0.0770000000 0.2480962766 0.2199404794 
0.0840000000 0.2934682160 0.2600284413 
0.0910000000 0.3421512086 0.3029923136 
0.0980000000 0.3939933710 0.3486861504 
0.1050000000 0.4488332895 0.3969548934 
0.1120000000 0.5065005926 0.4476349323 
0.1190000000 0.5668165551 0.5005546964 
0.1260000000 0.6295947307 0.5555352735 
0.1330000000 0.6946416110 0.6123910548 
0.1400000000 0.7617573080 0.6709304035 
0.1470000000 0.8307362583 0.7309563440 
0.1540000000 0.9013679452 0.7922672691 
0.1610000000 0.9734376373 0.8546576634 
0.1680000000 1.0467271399 0.9179188388 
0.1750000000 1.1210155561 0.9818396807 
0.1820000000 1.1960800559 1.0462074013 
0.1890000000 1.2716966498 1.1108082967 
0.1960000000 1.3476409631 1.1754285069 
0.2030000000 1.4236890099 1.2398547731 
0.2100000000 1.4996179623 1.3038751923 
0.2170000000 1.5752069125 1.3672799636 
0.2240000000 1.6502376254 1.4298621261 
0.2310000000 1.7244952780 1.4914182837 
0.2380000000 1.7977691839 1.5517493147 
0.2450000000 1.8698534993 1.6106610641 
0.2520000000 1.9405479087 1.6679650153 
0.2590000000 2.0096582874 1.7234789393 
0.2660000000 2.0769973385 1.7770275184 
0.2730000000 2.1423852018 1.8284429430 
0.2800000000 2.2056500331 1.8775654783 
0.2870000000 2.2666285516 1.9242439997 
0.2940000000 2.3251665526 1.9683364947 
0.3010000000 2.3811193856 2.0097105293 
0.3080000000 2.4343523940 2.0482436773 
0.3150000000 2.4847413169 2.0838239118 
0.3220000000 2.5321726497 2.1163499558 
0.3290000000 2.5765439642 2.1457315928 
0.3360000000 2.6177641863 2.1718899347 
0.3430000000 2.6557538299 2.1947576472 
0.3500000000 2.6904451878 2.2142791311 
0.3570000000 2.7217824775 2.2304106598 
0.3640000000 2.7497219427 2.2431204723 
0.3710000000 2.7742319105 2.2523888212 
0.3780000000 2.7952928026 2.2582079762 
0.3850000000 2.8128971033 2.2605821831 
0.3920000000 2.8270492822 2.2595275784 
0.3990000000 2.8377656740 2.2550720600 
0.4060000000 2.8450743152 2.2472551152 
0.4130000000 2.8490147383 2.2617626083 
0.4200000000 2.8496377254 2.2773604882 
0.4270000000 2.8470050222 2.2896191036 
0.4340000000 2.8411890127 2.2985994537 
0.4410000000 2.8322723576 2.3043729229 
0.4480000000 2.8203475969 2.3070208890 
0.4550000000 2.8055167191 2.3066342990 
0.4620000000 2.7878906983 2.3033132123 
0.4690000000 2.7675890014 2.2971663150 
0.4760000000 2.7447390685 2.2883104059 
0.4830000000 2.7194757661 2.2768698582 
0.4900000000 2.6919408184 2.2629760567 
0.4970000000 2.6622822172 2.2467668158 
0.5040000000 2.6306536129 2.2283857780 
0.5110000000 2.5972136899 2.2079817969 
0.5180000000 2.5621255282 2.1857083074 
0.5250000000 2.5255559540 2.1617226840 
0.5320000000 2.4876748819 2.1361855921 
0.5390000000 2.4486546514 2.1092603325 
0.5460000000 2.4086693597 2.0811121834 
0.5530000000 2.3678941945 2.0519077420 
0.5600000000 2.3265047683 2.0218142680 
0.5670000000 2.2846764570 1.9909990311 
0.5740000000 2.2425837464 1.9596286666 
0.5810000000 2.2003995870 1.9278685394 
0.5880000000 2.1582947616 1.8958821209 
0.5950000000 2.1164372668 1.8638303793 
0.6020000000 2.0749917108 1.8318711863 
0.6090000000 2.0341187307 1.8001587435 
0.6160000000 1.9939744297 1.7688430274 
0.6230000000 1.9547098377 1.7380692594 
0.6300000000 1.9164703966 1.7079773982 
0.6370000000 1.8793954721 1.6787016597 
0.6440000000 1.8436178933 1.6503700644 
0.6510000000 1.8092635231 1.6231040137 
0.6580000000 1.7764508584 1.5970178976 
0.6650000000 1.7452906638 1.5722187339 
0.6720000000 1.7158856386 1.5488058408 
0.6790000000 1.6883301179 1.5268705432 
0.6860000000 1.6627098102 1.5064959138 
0.6930000000 1.6391015696 1.4877565504 
0.7000000000 1.6175732062 1.4707183885 
0.7070000000 1.5981833328 1.4554385501 
0.7140000000 1.5809812489 1.4419652304 
0.7210000000 1.5660068624 1.4303376200 
0.7280000000 1.5532906485 1.4205858639 
0.7350000000 1.5428536458 1.4127310577 
0.7420000000 1.5347074894 1.4067852790 
0.7490000000 1.5288544800 1.4027516549 
0.7560000000 1.5252876886 1.4006244641 
0.7630000000 1.5239910969 1.4003892736 
0.7700000000 1.5249397708 1.4020231079 
0.7770000000 1.5281000669 1.4054946514 
0.7840000000 1.5334298717 1.4107644809 
0.7910000000 1.5408788700 1.4177853285 
0.7980000000 1.5503888437 1.4265023729 
0.8050000000 1.5618939972 1.4368535581 
0.8120000000 1.5753213095 1.4487699488 
0.8190000000 1.5905909102 1.4621760629 
0.8260000000 1.6076164786 1.4769902929 
0.8330000000 1.6263056629 1.4931253058 
0.8400000000 1.6465605186 1.5104884704 
0.8470000000 1.6682779641 1.5289823020 
0.8540000000 1.6913502504 1.5485049202 
0.8610000000 1.7156654442 1.5689505205 
0.8680000000 1.7411079213 1.5902098551 
0.8750000000 1.7675588692 1.6121707225 
0.8820000000 1.7948967957 1.6347184635 
0.8890000000 1.8229980415 1.6577364606 
0.8960000000 1.8517372966 1.6811066402 
0.9030000000 1.8809881145 1.7047099740 
0.9100000000 1.9106234269 1.7284269789 
0.9170000000 1.9405160524 1.7521382125 
0.9240000000 1.9705392005 1.7757247626 
0.9310000000 2.0005669668 1.7990687286 
0.9380000000 2.0304748188 1.8220536931 
0.9450000000 2.0601400697 1.8445651815 
0.9520000000 2.0894423386 1.8664911084 
0.9590000000 2.1182639958 1.8877222089 
0.9660000000 2.1464905907 1.9081524528 
0.9730000000 2.1740112615 1.9276794410 
0.9800000000 2.2007191253 1.9462047816 
0.9870000000 2.2265116467 1.9636344455 
0.9940000000 2.2512909839 1.9798790998 
1.0010000000 2.2749643114 1.9948544177 
1.0080000000 2.2974441178 2.0084813638 
1.0150000000 2.3186484786 2.0206864545 
1.0220000000 2.3385013020 2.0314019930 
1.0290000000 2.3569325485 2.0405662761 
1.0360000000 2.3738784220 2.0481237753 
1.0430000000 2.3892815341 2.0540252900 
1.0500000000 2.4030910390 2.0582280718 
1.0570000000 2.4152627406 2.0606959224 
1.0640000000 2.4257591711 2.0613992618 
1.0710000000 2.4345496408 2.0603151697 
1.0780000000 2.4416102598 2.0574273985 
1.0850000000 2.4469239318 2.0527263585 
1.0920000000 2.4504803203 2.0462090767 
1.0990000000 2.4522757875 2.0378791282 
1.1060000000 2.4523133073 2.0277465425 
1.1130000000 2.4506023519 2.0158276840 
1.1200000000 2.4471587543 2.0021451081 
1.1270000000 2.4420045462 1.9867273944 
1.1340000000 2.4351677735 1.9696089568 
1.1410000000 2.4266822901 1.9508298330 
1.1480000000 2.4165875301 1.9304354535 
1.1550000000 2.4049282619 1.9084763915 
1.1620000000 2.3917543237 1.8850080960 
1.1690000000 2.3771203421 1.8600906080 
1.1760000000 2.3610854358 1.8337882626 
1.1830000000 2.3437129057 1.8061693773 
1.1900000000 2.3250699122 1.7773059293 
1.1970000000 2.3052271426 1.7472732218 
1.2040000000 2.2842584689 1.7161495427 
1.2110000000 2.2622405980 1.6840158152 
1.2180000000 2.2392527167 1.6509552440 
1.2250000000 2.2153761317 1.6170529571 
1.2320000000 2.1906939073 1.5902159125 
1.2390000000 2.1652905022 1.5739835919 
1.2460000000 2.1392514060 1.5569803849 
1.2530000000 2.1126627792 1.5392871263 
1.2600000000 2.0856110952 1.5209851451 
1.2670000000 2.0581827888 1.5021559157 
1.2740000000 2.0304639100 1.4828807151 
1.2810000000 2.0025397868 1.4632402883 
1.2880000000 1.9744946964 1.4433145224 
1.2950000000 1.9464115477 1.4231821313 
1.3020000000 1.9183715748 1.4029203519 
1.3090000000 1.8904540442 1.3826046526 
1.3160000000 1.8627359751 1.3623084562 
1.3230000000 1.8352918758 1.3421028771 
1.3300000000 1.8081934948 1.3220564741 
1.3370000000 1.7815095895 1.3022350201 
1.3440000000 1.7553057118 1.2827012886 
1.3510000000 1.7296440125 1.2635148582 
1.3580000000 1.7045830636 1.2447319355 
1.3650000000 1.6801777001 1.2264051969 
1.3720000000 1.6564788817 1.2085836498 
1.3790000000 1.6335335737 1.1913125126 
1.3860000000 1.6113846482 1.1746331158 
1.3930000000 1.5900708055 1.1585828214 
1.4000000000 1.5696265155 1.1431949632 
