0.0000000000 0.0000000000 0.0000000000 
0.0070000000 0.0011757111 0.0009405320 
0.0140000000 0.0046993799 0.0037589142 
0.0210000000 0.0105606245 0.0084455162 
0.0280000000 0.0187421820 0.0149843260 
0.0350000000 0.0292199688 0.0233530074 
0.0420000000 0.0419631642 0.0335229802 
0.0490000000 0.0569343181 0.0454595232 
0.0560000000 0.0740894814 0.0591218988 
0.0630000000 0.0933783586 0.0744634989 
0.0700000000 0.1147444831 0.0914320133 
0.0770000000 0.1381254135 0.1099696163 
0.0840000000 0.1634529499 0.1300131751 
0.0910000000 0.1906533711 0.1514944761 
0.0980000000 0.2196476896 0.1743404690 
0.1050000000 0.2503519254 0.1984735293 
0.1120000000 0.2826773960 0.2238117357 
0.1190000000 0.3165310225 0.2502691638 
0.1260000000 0.3518156505 0.2777561933 
0.1330000000 0.3884303845 0.3061798283 
0.1400000000 0.4262709341 0.3354440296 
0.1470000000 0.4652299713 0.3654500570 
0.1540000000 0.5051974980 0.3960968220 
0.1610000000 0.5460612211 0.4272812471 
0.1680000000 0.5877069343 0.4588986332 
0.1750000000 0.6300189060 0.4908430307 
0.1820000000 0.6728802710 0.5230076163 
0.1890000000 0.7161734241 0.5552850711 
0.1960000000 0.7597804161 0.5875679599 
0.2030000000 0.8035833481 0.6197491113 
0.2100000000 0.8474647650 0.6517219949 
0.2170000000 0.8913080451 0.6833810961 
0.2240000000 0.9349977858 0.7146222866 
0.2310000000 0.9784201827 0.7453431884 
0.2380000000 1.0214634011 0.7754435319 
0.2450000000 1.0640179396 0.8048255044 
0.2520000000 1.1059769828 0.8333940894 
0.2590000000 1.1472367431 0.8610573949 
0.2660000000 1.1876967899 0.8877269697 
0.2730000000 1.2272603651 0.9133181063 
0.2800000000 1.2658346839 0.9377501291 
0.2870000000 1.3033312194 0.9609466676 
0.2940000000 1.3396659708 0.9828359130 
0.3010000000 1.3747597137 1.0033508575 
0.3080000000 1.4085382316 1.0224295150 
0.3150000000 1.4409325285 1.0400151235 
0.3220000000 1.4718790209 1.0560563272 
0.3290000000 1.5013197095 1.0705073382 
0.3360000000 1.5292023294 1.0833280781 
0.3430000000 1.5554804791 1.0944842967 
0.3500000000 1.5801137269 1.1039476706 
0.3570000000 1.6030676953 1.1116958782 
0.3640000000 1.6243141231 1.1177126533 
0.3710000000 1.6438309041 1.1219878156 
0.3780000000 1.6616021042 1.1245172788 
0.3850000000 1.6776179550 1.1253030361 
0.3920000000 1.6918748256 1.1243531234 
0.3990000000 1.7043751716 1.1216815595 
0.4060000000 1.7151274632 1.1173082654 
0.4130000000 1.7241460904 1.1368939579 
0.4200000000 1.7314512487 1.1591740085 
0.4270000000 1.7370688031 1.1796828810 
0.4340000000 1.7410301332 1.1984405702 
0.4410000000 1.7433719587 1.2154725193 
0.4480000000 1.7441361467 1.2308094334 
0.4550000000 1.7433695014 1.2444870752 
0.4620000000 1.7411235377 1.2565460449 
0.4690000000 1.7374542386 1.2670315445 
0.4760000000 1.7324217980 1.2759931271 
0.4830000000 1.7260903508 1.2834844339 
0.4900000000 1.7185276895 1.2895629183 
0.4970000000 1.7098049703 1.2942895590 
0.5040000000 1.6999964088 1.2977285639 
0.5110000000 1.6891789670 1.2999470644 
0.5180000000 1.6774320326 1.3010148030 
0.5250000000 1.6648370920 1.3010038148 
0.5320000000 1.6514773986 1.2999881041 
0.5390000000 1.6374376368 1.2980433168 
0.5460000000 1.6228035842 1.2952464119 
0.5530000000 1.6076617720 1.2916753306 
0.5600000000 1.5920991466 1.2874086667 
0.5670000000 1.5762027315 1.2825253379 
0.5740000000 1.5600592928 1.2771042607 
0.5810000000 1.5437550088 1.2712240284 
0.5880000000 1.5273751442 1.2649625950 
0.5950000000 1.5110037314 1.2583969656 
0.6020000000 1.4947232593 1.2516028936 
0.6090000000 1.4786143707 1.2446545874 
0.6160000000 1.4627555700 1.2376244263 
0.6230000000 1.4472229413 1.2305826874 
0.6300000000 1.4320898790 1.2235972837 
0.6370000000 1.4174268310 1.2167335156 
0.6440000000 1.4033010556 1.2100538348 
0.6510000000 1.3897763935 1.2036176232 
0.6580000000 1.3769130544 1.1974809865 
0.6650000000 1.3647674201 1.1916965630 
0.6720000000 1.3533918648 1.1863133494 
0.6790000000 1.3428345915 1.1813765423 
0.6860000000 1.3331394871 1.1769273977 
0.6930000000 1.3243459957 1.1730031078 
0.7000000000 1.3164890093 1.1696366955 
0.7070000000 1.3095987788 1.1668569269 
0.7140000000 1.3037008427 1.1646882426 
0.7210000000 1.2988159756 1.1631507068 
0.7280000000 1.2949601557 1.1622599752 
0.7350000000 1.2921445508 1.1620272807 
0.7420000000 1.2903755243 1.1624594383 
0.7490000000 1.2896546588 1.1635588666 
0.7560000000 1.2899787992 1.1653236284 
0.7630000000 1.2913401132 1.1677474878 
0.7700000000 1.2937261703 1.1708199848 
0.7770000000 1.2971200371 1.1745265264 
0.7840000000 1.3015003909 1.1788484935 
0.7910000000 1.3068416474 1.1837633633 
0.7980000000 1.3131141060 1.1892448471 
0.8050000000 1.3202841086 1.1952630414 
0.8120000000 1.3283142127 1.2017845925 
0.8190000000 1.3371633780 1.2087728747 
0.8260000000 1.3467871652 1.2161881788 
0.8330000000 1.3571379460 1.2239879124 
0.8400000000 1.3681651244 1.2321268101 
0.8470000000 1.3798153666 1.2405571525 
0.8540000000 1.3920328401 1.2492289934 
0.8610000000 1.4047594599 1.2580903941 
0.8680000000 1.4179351419 1.2670876637 
0.8750000000 1.4314980608 1.2761656042 
0.8820000000 1.4453849130 1.2852677604 
0.8890000000 1.4595311823 1.2943366716 
0.8960000000 1.4738714081 1.3033141261 
0.9030000000 1.4883394549 1.3121414161 
0.9100000000 1.5028687809 1.3207595924 
0.9170000000 1.5173927066 1.3291097179 
0.9240000000 1.5318446804 1.3371331190 
0.9310000000 1.5461585418 1.3447716331 
0.9380000000 1.5602687799 1.3519678526 
0.9450000000 1.5741107869 1.3586653629 
0.9520000000 1.5876211055 1.3648089746 
0.9590000000 1.6007376695 1.3703449485 
0.9660000000 1.6134000359 1.3752212122 
0.9730000000 1.6255496085 1.3793875684 
0.9800000000 1.6371298526 1.3827958930 
0.9870000000 1.6480864983 1.3854003232 
0.9940000000 1.6583677334 1.3871574337 
1.0010000000 1.6679243843 1.3880264017 
1.0080000000 1.6767100855 1.3879691590 
1.0150000000 1.6846814345 1.3869505309 
1.0220000000 1.6917981358 1.3849383616 
1.0290000000 1.6980231287 1.3819036253 
1.0360000000 1.7033227029 1.3778205229 
1.0430000000 1.7076665991 1.3726665639 
1.0500000000 1.7110280941 1.3664226325 
1.0570000000 1.7133840726 1.3590730394 
1.0640000000 1.7147150832 1.3506055576 
1.0710000000 1.7150053792 1.3410114438 
1.0780000000 1.7142429449 1.3302854448 
1.0850000000 1.7124195071 1.3184257905 
1.0920000000 1.7095305313 1.3054341742 
1.0990000000 1.7055752037 1.2913157226 
1.1060000000 1.7005563984 1.2760789590 
1.1130000000 1.6944806315 1.2597357645 
1.1200000000 1.6873580003 1.2423013497 
1.1270000000 1.6792021101 1.2237942588 
1.1340000000 1.6700299880 1.2042364589 
1.1410000000 1.6598619837 1.1836536573 
1.1480000000 1.6487216599 1.1620762723 
1.1550000000 1.6366356701 1.1395425343 
1.1620000000 1.6236336269 1.1161090859 
1.1690000000 1.6097479596 1.0918767471 
1.1760000000 1.5950137635 1.0669525769 
1.1830000000 1.5794686401 1.0413294869 
1.1900000000 1.5631525298 1.0149888466 
1.1970000000 1.5461075377 0.9879533577 
1.2040000000 1.5283777537 0.9602637603 
1.2110000000 1.5100090664 0.9319676262 
1.2180000000 1.4910489735 0.9031158049 
1.2250000000 1.4715463879 0.8737611043 
1.2320000000 1.4515514414 0.8478556877 
1.2390000000 1.4311152865 0.8365912208 
1.2460000000 1.4102898966 0.8247936294 
1.2530000000 1.3891278665 0.8125108367 
1.2600000000 1.3676822130 0.7997913414 
1.2670000000 1.3460061775 0.7866840126 
1.2740000000 1.3241530298 0.7732378933 
1.2810000000 1.3021758754 0.7595020095 
1.2880000000 1.2801274671 0.7455251855 
1.2950000000 1.2580600194 0.7313558634 
1.3020000000 1.2360250296 0.7170419292 
1.3090000000 1.2140731038 0.7026305436 
1.3160000000 1.1922537894 0.6881679792 
1.3230000000 1.1706154151 0.6736994649 
1.3300000000 1.1492049375 0.6592690368 
1.3370000000 1.1280677969 0.6449193966 
1.3440000000 1.1072477809 0.6306917788 
1.3510000000 1.0867868972 0.6166258254 
1.3580000000 1.0667252558 0.6027594707 
1.3650000000 1.0471009611 0.5891288340 
1.3720000000 1.0279500136 0.5757681229 
1.3790000000 1.0093062223 0.5627095459 
1.3860000000 0.9912011276 0.5499832352 
1.3930000000 0.9736639342 0.5376171796 
1.4000000000 0.9567214555 0.5256371680 
