0.0000000000 0.0000000000 0.0000000000 
0.0070000000 0.0007054451 0.0004702660 
0.0140000000 0.0028199228 0.0018794571 
0.0210000000 0.0063378661 0.0042227578 
0.0280000000 0.0112500176 0.0074921615 
0.0350000000 0.0175434595 0.0116764981 
0.0420000000 0.0252016573 0.0167614734 
0.0490000000 0.0342045144 0.0227297196 
0.0560000000 0.0445284386 0.0295608560 
0.0630000000 0.0561464204 0.0372315608 
0.0700000000 0.0690281230 0.0457156531 
0.0770000000 0.0831399819 0.0549841847 
0.0840000000 0.0984453169 0.0650055421 
0.0910000000 0.1149044523 0.0757455574 
0.0980000000 0.1324748489 0.0871676284 
0.1050000000 0.1511112434 0.0992328473 
0.1120000000 0.1707657977 0.1119001375 
0.1190000000 0.1913882563 0.1251263977 
0.1260000000 0.2129261106 0.1388666535 
0.1330000000 0.2353247716 0.1530742155 
0.1400000000 0.2585277476 0.1677008433 
0.1470000000 0.2824768286 0.1826969145 
0.1540000000 0.3071122757 0.1980116000 
0.1610000000 0.3323730149 0.2135930413 
0.1680000000 0.3581968344 0.2293885336 
0.1750000000 0.3845205854 0.2453447103 
0.1820000000 0.4112803849 0.2614077302 
0.1890000000 0.4384118206 0.2775234666 
0.1960000000 0.4658501559 0.2936376974 
0.2030000000 0.4935305359 0.3096962943 
0.2100000000 0.5213881922 0.3256454133 
0.2170000000 0.5493586470 0.3414316826 
0.2240000000 0.5773779145 0.3570023898 
0.2310000000 0.6053827004 0.3723056655 
0.2380000000 0.6333105969 0.3872906651 
0.2450000000 0.6611002751 0.4019077456 
0.2520000000 0.6886916711 0.4161086383 
0.2590000000 0.7160261677 0.4298466173 
0.2660000000 0.7430467697 0.4430766609 
0.2730000000 0.7696982725 0.4557556074 
0.2800000000 0.7959274239 0.4678423046 
0.2870000000 0.8216830777 0.4792977507 
0.2940000000 0.8469163390 0.4900852282 
0.3010000000 0.8715807011 0.5001704286 
0.3080000000 0.8956321732 0.5095215693 
0.3150000000 0.9190293978 0.5181094997 
0.3220000000 0.9417337592 0.5259077986 
0.3290000000 0.9637094804 0.5328928610 
0.3360000000 0.9849237106 0.5390439748 
0.3430000000 1.0053466007 0.5443433857 
0.3500000000 1.0249513685 0.5487763524 
0.3570000000 1.0437143520 0.5523311896 
0.3640000000 1.0616150517 0.5549992996 
0.3710000000 1.0786361611 0.5567751926 
0.3780000000 1.0947635858 0.5576564949 
0.3850000000 1.1099864506 0.5576439454 
0.3920000000 1.1242970958 0.5567413802 
0.3990000000 1.1376910612 0.5549557059 
0.4060000000 1.1501670592 0.5522968600 
0.4130000000 1.1617269367 0.5743984640 
0.4200000000 1.1723756258 0.6000112056 
0.4270000000 1.1821210841 0.6246359462 
0.4340000000 1.1909742240 0.6482721275 
0.4410000000 1.1989488324 0.6709221732 
0.4480000000 1.2060614802 0.6925914053 
0.4550000000 1.2123314226 0.7132879513 
0.4620000000 1.2177804906 0.7330226428 
0.4690000000 1.2224329732 0.7518089056 
0.4760000000 1.2263154929 0.7696626419 
0.4830000000 1.2294568720 0.7866021059 
0.4900000000 1.2318879936 0.8026477718 
0.4970000000 1.2336416549 0.8178221961 
0.5040000000 1.2347524151 0.8321498747 
0.5110000000 1.2352564385 0.8456570943 
0.5180000000 1.2351913319 0.8583717795 
0.5250000000 1.2345959794 0.8703233370 
0.5320000000 1.2335103724 0.8815424953 
0.5390000000 1.2319754380 0.8920611432 
0.5460000000 1.2300328649 0.9019121653 
0.5530000000 1.2277249281 0.9111292773 
0.5600000000 1.2250943124 0.9197468594 
0.5670000000 1.2221839369 0.9277997912 
0.5740000000 1.2190367788 0.9353232857 
0.5810000000 1.2156956996 0.9423527259 
0.5880000000 1.2122032724 0.9489235022 
0.5950000000 1.2086016126 0.9550708526 
0.6020000000 1.2049322110 0.9608297060 
0.6090000000 1.2012357710 0.9662345291 
0.6160000000 1.1975520502 0.9713191768 
0.6230000000 1.1939197071 0.9761167479 
0.6300000000 1.1903761531 0.9806594459 
0.6370000000 1.1869574104 0.9849784445 
0.6440000000 1.1836979768 0.9891037602 
0.6510000000 1.1806306972 0.9930641308 
0.6580000000 1.1777866428 0.9968869008 
0.6650000000 1.1751949976 1.0005979142 
0.6720000000 1.1728829541 1.0042214144 
0.6790000000 1.1708756165 1.0077799529 
0.6860000000 1.1691959135 1.0112943050 
0.6930000000 1.1678645202 1.0147833945 
0.7000000000 1.1668997890 1.0182642274 
0.7070000000 1.1663176907 1.0217518331 
0.7140000000 1.1661317646 1.0252592163 
0.7210000000 1.1663530794 1.0287973161 
0.7280000000 1.1669902036 1.0323749754 
0.7350000000 1.1680491856 1.0359989193 
0.7420000000 1.1695335447 1.0396737421 
0.7490000000 1.1714442714 1.0434019040 
0.7560000000 1.1737798380 1.0471837365 
0.7630000000 1.1765362190 1.0510174571 
0.7700000000 1.1797069212 1.0548991923 
0.7770000000 1.1832830232 1.0588230100 
0.7840000000 1.1872532247 1.0627809598 
0.7910000000 1.1916039042 1.0667631216 
0.7980000000 1.1963191861 1.0707576628 
0.8050000000 1.2013810161 1.0747509023 
0.8120000000 1.2067692446 1.0787273828 
0.8190000000 1.2124617180 1.0826699496 
0.8260000000 1.2184343776 1.0865598364 
0.8330000000 1.2246613652 1.0903767573 
0.8400000000 1.2311151352 1.0940990049 
0.8470000000 1.2377665730 1.0977035539 
0.8540000000 1.2445851191 1.1011661694 
0.8610000000 1.2515388973 1.1044615205 
0.8680000000 1.2585948488 1.1075632974 
0.8750000000 1.2657188694 1.1104443325 
0.8820000000 1.2728759503 1.1130767245 
0.8890000000 1.2800303222 1.1154319656 
0.8960000000 1.2871456010 1.1174810697 
0.9030000000 1.2941849360 1.1191947038 
0.9100000000 1.3011111588 1.1205433191 
0.9170000000 1.3078869331 1.1214972835 
0.9240000000 1.3144749043 1.1220270135 
0.9310000000 1.3208378488 1.1221031068 
0.9380000000 1.3269388219 1.1216964721 
0.9450000000 1.3327413045 1.1207784592 
0.9520000000 1.3382093470 1.1193209858 
0.9590000000 1.3433077111 1.1172966627 
0.9660000000 1.3480020080 1.1146789153 
0.9730000000 1.3522588327 1.1114421023 
0.9800000000 1.3560458947 1.1075616299 
0.9870000000 1.3593321430 1.1030140624 
0.9940000000 1.3620878868 1.0977772276 
1.0010000000 1.3642849106 1.0918303170 
1.0080000000 1.3658965824 1.0851539812 
1.0150000000 1.3668979569 1.0777304185 
1.0220000000 1.3672658708 1.0695434584 
1.0290000000 1.3669790321 1.0605786380 
1.0360000000 1.3660181011 1.0508232718 
1.0430000000 1.3643657647 1.0402665152 
1.0500000000 1.3620068025 1.0288994197 
1.0570000000 1.3589281450 1.0167149824 
1.0640000000 1.3551189236 1.0037081863 
1.0710000000 1.3505705122 0.9898760348 
1.0780000000 1.3452765610 0.9752175772 
1.0850000000 1.3392330209 0.9597339271 
1.0920000000 1.3324381603 0.9434282735 
1.0990000000 1.3248925728 0.9263058832 
1.1060000000 1.3165991768 0.9083740966 
1.1130000000 1.3075632063 0.8896423153 
1.1200000000 1.2977921943 0.8701219826 
1.1270000000 1.2872959463 0.8498265563 
1.1340000000 1.2760865079 0.8287714748 
1.1410000000 1.2641781226 0.8069741155 
1.1480000000 1.2515871835 0.7844537476 
1.1550000000 1.2383321762 0.7612314772 
1.1620000000 1.2244336160 0.7373301866 
1.1690000000 1.2099139768 0.7127744681 
1.1760000000 1.1947976147 0.6875905511 
1.1830000000 1.1791106844 0.6618062251 
1.1900000000 1.1628810505 0.6354507563 
1.1970000000 1.1461381929 0.6085548011 
1.2040000000 1.1289131072 0.5811503141 
1.2110000000 1.1112382003 0.5532704526 
1.2180000000 1.0931471819 0.5249494782 
1.2250000000 1.0746749523 0.4962226542 
1.2320000000 1.0558574866 0.4671261415 
1.2390000000 1.0367317155 0.4376968915 
1.2460000000 1.0173354048 0.4079725375 
1.2530000000 0.9977070318 0.3832859390 
1.2600000000 0.9778856607 0.3713844099 
1.2670000000 0.9579108169 0.3591792878 
1.2740000000 0.9378223600 0.3467074690 
1.2810000000 0.9176603583 0.3340062734 
1.2880000000 0.8974649613 0.3211133213 
1.2950000000 0.8772762755 0.3080664099 
1.3020000000 0.8571342391 0.2949033920 
1.3090000000 0.8370785002 0.2816620550 
1.3160000000 0.8171482961 0.2683800015 
1.3230000000 0.7973823353 0.2550945330 
1.3300000000 0.7778186826 0.2418425350 
1.3370000000 0.7584946472 0.2286603651 
1.3440000000 0.7394466752 0.2155837451 
1.3510000000 0.7207102449 0.2026476554 
1.3580000000 0.7023197680 0.1898862341 
1.3650000000 0.6843084938 0.1773326797 
1.3720000000 0.6667084202 0.1650191586 
1.3790000000 0.6495502082 0.1529767168 
1.3860000000 0.6328631034 0.1412351970 
1.3930000000 0.6166748619 0.1298231601 
1.4000000000 0.6010116832 0.1187678126 
