0.0000000000 -0.0000000000 0.0000000000 
0.0070000000 0.0025865092 0.0023513301 
0.0140000000 0.0103377513 0.0093972856 
0.0210000000 0.0232288996 0.0211137913 
0.0280000000 0.0412186755 0.0374608194 
0.0350000000 0.0642494967 0.0583825353 
0.0420000000 0.0922476847 0.0838075007 
0.0490000000 0.1251237292 0.1136489343 
0.0560000000 0.1627726098 0.1478050271 
0.0630000000 0.2050741730 0.1861593134 
0.0700000000 0.2518935637 0.2285810938 
0.0770000000 0.3030817082 0.2749259110 
0.0840000000 0.3584758491 0.3250360743 
0.0910000000 0.4179001273 0.3787412324 
0.0980000000 0.4811662117 0.4358589911 
0.1050000000 0.5480739715 0.4961955754 
0.1120000000 0.6184121908 0.5595465306 
0.1190000000 0.6919593213 0.6256974627 
0.1260000000 0.7684842706 0.6944248135 
0.1330000000 0.8477472239 0.7654966680 
0.1400000000 0.9295004945 0.8386735904 
0.1470000000 1.0134894010 0.9137094874 
0.1540000000 1.0994531675 0.9903524926 
0.1610000000 1.1871258435 1.0683458714 
0.1680000000 1.2762372398 1.1474289414 
0.1750000000 1.3665138768 1.2273380054 
0.1820000000 1.4576799420 1.3078072932 
0.1890000000 1.5494582534 1.3885699087 
0.1960000000 1.6415712234 1.4693587790 
0.2030000000 1.7337418222 1.5499076020 
0.2100000000 1.8256945351 1.6299517880 
0.2170000000 1.9171563106 1.7092293929 
0.2240000000 2.0078574967 1.7874820396 
0.2310000000 2.0975327604 1.8644558223 
0.2380000000 2.1859219881 1.9399021932 
0.2450000000 2.2727711637 2.0135788259 
0.2520000000 2.3578332204 2.0852504533 
0.2590000000 2.4408688628 2.1546896773 
0.2660000000 2.5216473588 2.2216777463 
0.2730000000 2.5999472945 2.2860052988 
0.2800000000 2.6755572931 2.3474730693 
0.2870000000 2.7482766933 2.4058925549 
0.2940000000 2.8179161844 2.4610866397 
0.3010000000 2.8842983982 2.5128901746 
0.3080000000 2.9472584526 2.5611505111 
0.3150000000 3.0066444478 2.6057279870 
0.3220000000 3.0623179117 2.6464963616 
0.3290000000 3.1141541936 2.6833431999 
0.3360000000 3.1620428055 2.7161702047 
0.3430000000 3.2058877089 2.7448934939 
0.3500000000 3.2456075469 2.7694438241 
0.3570000000 3.2811358218 2.7897667589 
0.3640000000 3.3124210154 2.8058227813 
0.3710000000 3.3394266551 2.8175873505 
0.3780000000 3.3621313231 2.8250509031 
0.3850000000 3.3805286103 2.8282187982 
0.3920000000 3.3946270152 2.8271112078 
0.3990000000 3.4044497887 2.8217629529 
0.4060000000 3.4100347245 2.8122232850 
0.4130000000 3.4114338987 2.8241733563 
0.4200000000 3.4087133566 2.8364266134 
0.4270000000 3.4019527515 2.8445561379 
0.4340000000 3.3912449347 2.8486433954 
0.4410000000 3.3766954997 2.8487827035 
0.4480000000 3.3584222828 2.8450807384 
0.4550000000 3.3365548216 2.8376560004 
0.4620000000 3.3112337743 2.8266382395 
0.4690000000 3.2826103019 2.8121678444 
0.4760000000 3.2508454162 2.7943951982 
0.4830000000 3.2161092962 2.7734800016 
0.4900000000 3.1785805762 2.7495905685 
0.4970000000 3.1384456069 2.7229030957 
0.5040000000 3.0958976955 2.6936009104 
0.5110000000 3.0511363244 2.6618736974 
0.5180000000 3.0043663549 2.6279167114 
0.5250000000 2.9557972161 2.5919299748 
0.5320000000 2.9056420850 2.5541174665 
0.5390000000 2.8541170588 2.5146863037 
0.5460000000 2.8014403244 2.4738459204 
0.5530000000 2.7478313266 2.4318072452 
0.5600000000 2.6935099397 2.3887818827 
0.5670000000 2.6386956453 2.3449813006 
0.5740000000 2.5836067191 2.3006160259 
0.5810000000 2.5284594294 2.2558948536 
0.5880000000 2.4734672516 2.2110240709 
0.5950000000 2.4188401007 2.1662066982 
0.6020000000 2.3647835846 2.1216417528 
0.6090000000 2.3114982813 2.0775235346 
0.6160000000 2.2591790423 2.0340409389 
0.6230000000 2.2080143252 1.9913767971 
0.6300000000 2.1581855569 1.9497072489 
0.6370000000 2.1098665310 1.9092011468 
0.6440000000 2.0632228397 1.8700194962 
0.6510000000 2.0184113441 1.8323149323 
0.6580000000 1.9755796824 1.7962312355 
0.6650000000 1.9348658204 1.7619028866 
0.6720000000 1.8963976420 1.7294546640 
0.6790000000 1.8602925850 1.6990012833 
0.6860000000 1.8266573196 1.6706470803 
0.6930000000 1.7955874730 1.6444857389 
0.7000000000 1.7671673994 1.6206000635 
0.7070000000 1.7414699961 1.5990617971 
0.7140000000 1.7185565667 1.5799314854 
0.7210000000 1.6984767302 1.5632583861 
0.7280000000 1.6812683770 1.5490804246 
0.7350000000 1.6669576707 1.5374241943 
0.7420000000 1.6555590967 1.5283050020 
0.7490000000 1.6470755539 1.5217269582 
0.7560000000 1.6414984928 1.5176831095 
0.7630000000 1.6388080951 1.5161556145 
0.7700000000 1.6389734964 1.5171159600 
0.7770000000 1.6419530490 1.5205252179 
0.7840000000 1.6476946244 1.5263343402 
0.7910000000 1.6561359528 1.5344844901 
0.7980000000 1.6672049990 1.5449074094 
0.8050000000 1.6808203721 1.5575258183 
0.8120000000 1.6968917666 1.5722538461 
0.8190000000 1.7153204340 1.5889974923 
0.8260000000 1.7359996816 1.6076551129 
0.8330000000 1.7588153964 1.6281179327 
0.8400000000 1.7836465921 1.6502705794 
0.8470000000 1.8103659764 1.6739916372 
0.8540000000 1.8388405362 1.6991542184 
0.8610000000 1.8689321376 1.7256265493 
0.8680000000 1.9004981393 1.7532725688 
0.8750000000 1.9333920155 1.7819525365 
0.8820000000 1.9674639864 1.8115236480 
0.8890000000 2.0025616532 1.8418406544 
0.8960000000 2.0385306354 1.8727564841 
0.9030000000 2.0752152076 1.9041228640 
0.9100000000 2.1124589328 1.9357909370 
0.9170000000 2.1501052905 1.9676118741 
0.9240000000 2.1879982961 1.9994374788 
0.9310000000 2.2259831103 2.0311207801 
0.9380000000 2.2639066350 2.0625166131 
0.9450000000 2.3016180938 2.0934821848 
0.9520000000 2.3389695958 2.1238776223 
0.9590000000 2.3758166791 2.1535665015 
0.9660000000 2.4120188330 2.1824163552 
0.9730000000 2.4474399968 2.2102991575 
0.9800000000 2.4819490333 2.2370917839 
0.9870000000 2.5154201757 2.2626764442 
0.9940000000 2.5477334456 2.2869410890 
1.0010000000 2.5787750422 2.3097797851 
1.0080000000 2.6084376996 2.3310930621 
1.0150000000 2.6366210131 2.3507882267 
1.0220000000 2.6632317315 2.3687796447 
1.0290000000 2.6881840167 2.3849889904 
1.0360000000 2.7113996684 2.3993454615 
1.0430000000 2.7328083142 2.4117859605 
1.0500000000 2.7523475643 2.4222552411 
1.0570000000 2.7699631315 2.4307060205 
1.0640000000 2.7856089152 2.4370990560 
1.0710000000 2.7992470508 2.4414031888 
1.0780000000 2.8108479242 2.4435953517 
1.0850000000 2.8203901514 2.4436605443 
1.0920000000 2.8278605247 2.4415917746 
1.0990000000 2.8332539256 2.4373899677 
1.1060000000 2.8365732056 2.4310638439 
1.1130000000 2.8378290352 2.4226297646 
1.1200000000 2.8370397231 2.4121115501 
1.1270000000 2.8342310068 2.3995402680 
1.1340000000 2.8294358142 2.3849539949 
1.1410000000 2.8226940004 2.3683975526 
1.1480000000 2.8140520593 2.3499222195 
1.1550000000 2.8035628113 2.3295854206 
1.1620000000 2.7912850711 2.3074503954 
1.1690000000 2.7772832945 2.2835858473 
1.1760000000 2.7616272081 2.2580655757 
1.1830000000 2.7443914232 2.2309680925 
1.1900000000 2.7256550346 2.2023762251 
1.1970000000 2.7055012092 2.1723767076 
1.2040000000 2.6840167625 2.1410597629 
1.2110000000 2.6612917287 2.1085186761 
1.2180000000 2.6374189238 2.0748493635 
1.2250000000 2.6124935049 2.0401499370 
1.2320000000 2.5866125280 2.0045202669 
1.2390000000 2.5598745047 1.9680615457 
1.2460000000 2.5323789618 1.9308758526 
1.2530000000 2.5042260044 1.8983320950 
1.2600000000 2.4755158848 1.8780156412 
1.2670000000 2.4463485784 1.8571165967 
1.2740000000 2.4168233703 1.8357303526 
1.2810000000 2.3870384511 1.8139513664 
1.2880000000 2.3570905269 1.7918727737 
1.2950000000 2.3270744428 1.7695860137 
1.3020000000 2.2970828221 1.7471804706 
1.3090000000 2.2672057228 1.7247431315 
1.3160000000 2.2375303122 1.7023582630 
1.3230000000 2.2081405609 1.6801071068 
1.3300000000 2.1791169578 1.6580675960 
1.3370000000 2.1505362462 1.6363140921 
1.3440000000 2.1224711825 1.6149171454 
1.3510000000 2.0949903180 1.5939432767 
1.3580000000 2.0681578040 1.5734547843 
1.3650000000 2.0420332221 1.5535095729 
1.3720000000 2.0166714379 1.5341610087 
1.3790000000 1.9921224803 1.5154577981 
1.3860000000 1.9684314461 1.4974438912 
1.3930000000 1.9456384285 1.4801584099 
1.4000000000 1.9237784716 1.4636356008 
