0.0000000000 0.0000000000 0.0000000000 
0.0070000000 0.0002351791 0.0000000000 
0.0140000000 0.0009404657 0.0000000000 
0.0210000000 0.0021151078 0.0000000000 
0.0280000000 0.0037578531 0.0000000000 
0.0350000000 0.0058669502 0.0000000000 
0.0420000000 0.0084401504 0.0000000000 
0.0490000000 0.0114747105 0.0000000000 
0.0560000000 0.0149673950 0.0000000000 
0.0630000000 0.0189144803 0.0000000000 
0.0700000000 0.0233117583 0.0000000000 
0.0770000000 0.0281545407 0.0000000000 
0.0840000000 0.0334376645 0.0000000000 
0.0910000000 0.0391554972 0.0000000000 
0.0980000000 0.0453019425 0.0000000000 
0.1050000000 0.0518704476 0.0000000000 
0.1120000000 0.0588540095 0.0000000000 
0.1190000000 0.0662451827 0.0000000000 
0.1260000000 0.0740360871 0.0000000000 
0.1330000000 0.0822184165 0.0000000000 
0.1400000000 0.0907834473 0.0000000000 
0.1470000000 0.0997220479 0.0000000000 
0.1540000000 0.1090246886 0.0000000000 
0.1610000000 0.1186814513 0.0000000000 
0.1680000000 0.1286820406 0.0000000000 
0.1750000000 0.1390157943 0.0000000000 
0.1820000000 0.1496716952 0.0000000000 
0.1890000000 0.1606383825 0.0000000000 
0.1960000000 0.1719041642 0.0000000000 
0.2030000000 0.1834570293 0.0000000000 
0.2100000000 0.1952846608 0.0000000000 
0.2170000000 0.2073744486 0.0000000000 
0.2240000000 0.2197135033 0.0000000000 
0.2310000000 0.2322886698 0.0000000000 
0.2380000000 0.2450865410 0.0000000000 
0.2450000000 0.2580934725 0.0000000000 
0.2520000000 0.2712955971 0.0000000000 
0.2590000000 0.2846788394 0.0000000000 
0.2660000000 0.2982289309 0.0000000000 
0.2730000000 0.3119314252 0.0000000000 
0.2800000000 0.3257717136 0.0000000000 
0.2870000000 0.3397350401 0.0000000000 
0.2940000000 0.3538065180 0.0000000000 
0.3010000000 0.3679711450 0.0000000000 
0.3080000000 0.3822138194 0.0000000000 
0.3150000000 0.3965193566 0.0000000000 
0.3220000000 0.4108725048 0.0000000000 
0.3290000000 0.4252579614 0.0000000000 
0.3360000000 0.4396603894 0.0000000000 
0.3430000000 0.4540644338 0.0000000000 
0.3500000000 0.4684547378 0.0000000000 
0.3570000000 0.4828159591 0.0000000000 
0.3640000000 0.4971327868 0.0000000000 
0.3710000000 0.5113899568 0.0000000000 
0.3780000000 0.5255722691 0.0000000000 
0.3850000000 0.5396646032 0.0000000000 
0.3920000000 0.5536519347 0.0000000000 
0.3990000000 0.5675193509 0.0000000000 
0.4060000000 0.5812520673 0.0000000000 
0.4130000000 0.5948354428 0.0000000000 
0.4200000000 0.6082549955 0.0165099909 
0.4270000000 0.6214964182 0.0429928363 
0.4340000000 0.6345455936 0.0690911872 
0.4410000000 0.6473886095 0.0947772190 
0.4480000000 0.6600117733 0.1200235465 
0.4550000000 0.6724016268 0.1448032536 
0.4620000000 0.6845449608 0.1690899215 
0.4690000000 0.6964288286 0.1928576571 
0.4760000000 0.7080405602 0.2160811205 
0.4830000000 0.7193677760 0.2387355521 
0.4900000000 0.7303983995 0.2607967990 
0.4970000000 0.7411206704 0.2822413408 
0.5040000000 0.7515231572 0.3030463143 
0.5110000000 0.7615947693 0.3231895386 
0.5180000000 0.7713247690 0.3426495380 
0.5250000000 0.7807027826 0.3614055653 
0.5320000000 0.7897188119 0.3794376238 
0.5390000000 0.7983632444 0.3967264888 
0.5460000000 0.8066268639 0.4132537278 
0.5530000000 0.8145008602 0.4290017205 
0.5600000000 0.8219768385 0.4439536770 
0.5670000000 0.8290468283 0.4580936566 
0.5740000000 0.8357032919 0.4714065838 
0.5810000000 0.8419391326 0.4838782653 
0.5880000000 0.8477477021 0.4954954043 
0.5950000000 0.8531228077 0.5062456153 
0.6020000000 0.8580587185 0.5161174371 
0.6090000000 0.8625501724 0.5251003448 
0.6160000000 0.8665923806 0.5331847613 
0.6230000000 0.8701810338 0.5403620675 
0.6300000000 0.8733123057 0.5466246114 
0.6370000000 0.8759828580 0.5519657161 
0.6440000000 0.8781898436 0.5563796872 
0.6510000000 0.8799309095 0.5598618189 
0.6580000000 0.8812041993 0.5624083987 
0.6650000000 0.8820083557 0.5640167115 
0.6720000000 0.8823425213 0.5646850426 
0.6790000000 0.8822063398 0.5644126795 
0.6860000000 0.8815999563 0.5631999127 
0.6930000000 0.8805240175 0.5610480350 
0.7000000000 0.8789796703 0.5579593407 
0.7070000000 0.8769685614 0.5539371228 
0.7140000000 0.8744928347 0.5489856695 
0.7210000000 0.8715551299 0.5431102599 
0.7280000000 0.8681585789 0.5363171579 
0.7350000000 0.8643068030 0.5286136060 
0.7420000000 0.8600039086 0.5200078173 
0.7490000000 0.8552544834 0.5105089668 
0.7560000000 0.8500635909 0.5001271817 
0.7630000000 0.8444367652 0.4888735305 
0.7700000000 0.8383800056 0.4767600111 
0.7770000000 0.8318997692 0.4637995385 
0.7840000000 0.8250029651 0.4500059302 
0.7910000000 0.8176969462 0.4353938923 
0.7980000000 0.8099895017 0.4199790034 
0.8050000000 0.8018888490 0.4037776980 
0.8120000000 0.7934036245 0.3868072490 
0.8190000000 0.7845428747 0.3690857493 
0.8260000000 0.7753160464 0.3506320927 
0.8330000000 0.7657329768 0.3314659535 
0.8400000000 0.7558038828 0.3116077655 
0.8470000000 0.7455393502 0.2910787005 
0.8540000000 0.7349503227 0.2699006453 
0.8610000000 0.7240480895 0.2480961790 
0.8680000000 0.7128442741 0.2256885482 
0.8750000000 0.7013508213 0.2027016427 
0.8820000000 0.6895799849 0.1791599699 
0.8890000000 0.6775443143 0.1550886286 
0.8960000000 0.6652566412 0.1305132824 
0.9030000000 0.6527300661 0.1054601322 
0.9100000000 0.6399779442 0.0799558883 
0.9170000000 0.6270138709 0.0540277419 
0.9240000000 0.6138516681 0.0277033361 
0.9310000000 0.6005053683 0.0010107367 
0.9380000000 0.5869892009 0.0000000000 
0.9450000000 0.5733175758 0.0000000000 
0.9520000000 0.5595050692 0.0000000000 
0.9590000000 0.5455664071 0.0000000000 
0.9660000000 0.5315164501 0.0000000000 
0.9730000000 0.5173701776 0.0000000000 
0.9800000000 0.5031426716 0.0000000000 
0.9870000000 0.4888491006 0.0000000000 
0.9940000000 0.4745047036 0.0000000000 
1.0010000000 0.4601247739 0.0000000000 
1.0080000000 0.4457246425 0.0000000000 
1.0150000000 0.4313196622 0.0000000000 
1.0220000000 0.4169251906 0.0000000000 
1.0290000000 0.4025565744 0.0000000000 
1.0360000000 0.3882291326 0.0000000000 
1.0430000000 0.3739581404 0.0000000000 
1.0500000000 0.3597588127 0.0000000000 
1.0570000000 0.3456462881 0.0000000000 
1.0640000000 0.3316356125 0.0000000000 
1.0710000000 0.3177417233 0.0000000000 
1.0780000000 0.3039794335 0.0000000000 
1.0850000000 0.2903634157 0.0000000000 
1.0920000000 0.2769081866 0.0000000000 
1.0990000000 0.2636280912 0.0000000000 
1.1060000000 0.2505372883 0.0000000000 
1.1130000000 0.2376497344 0.0000000000 
1.1200000000 0.2249791696 0.0000000000 
1.1270000000 0.2125391025 0.0000000000 
1.1340000000 0.2003427960 0.0000000000 
1.1410000000 0.1884032532 0.0000000000 
1.1480000000 0.1767332034 0.0000000000 
1.1550000000 0.1653450886 0.0000000000 
1.1620000000 0.1542510500 0.0000000000 
1.1690000000 0.1434629157 0.0000000000 
1.1760000000 0.1329921872 0.0000000000 
1.1830000000 0.1228500279 0.0000000000 
1.1900000000 0.1130472509 0.0000000000 
1.1970000000 0.1035943073 0.0000000000 
1.2040000000 0.0945012753 0.0000000000 
1.2110000000 0.0857778494 0.0000000000 
1.2180000000 0.0774333301 0.0000000000 
1.2250000000 0.0694766138 0.0000000000 
1.2320000000 0.0619161836 0.0000000000 
1.2390000000 0.0547600999 0.0000000000 
1.2460000000 0.0480159922 0.0000000000 
1.2530000000 0.0416910507 0.0000000000 
1.2600000000 0.0357920186 0.0000000000 
1.2670000000 0.0303251853 0.0000000000 
1.2740000000 0.0252963792 0.0000000000 
1.2810000000 0.0207109616 0.0000000000 
1.2880000000 0.0165738213 0.0000000000 
1.2950000000 0.0128893692 0.0000000000 
1.3020000000 0.0096615333 0.0000000000 
1.3090000000 0.0068937550 0.0000000000 
1.3160000000 0.0045889852 0.0000000000 
1.3230000000 0.0027496810 0.0000000000 
1.3300000000 0.0013778035 0.0000000000 
1.3370000000 0.0004748153 0.0000000000 
1.3440000000 0.0000416790 0.0000000000 
1.3510000000 0.0000788565 0.0000000000 
1.3580000000 0.0005863082 0.0000000000 
1.3650000000 0.0015634929 0.0000000000 
1.3720000000 0.0030093690 0.0000000000 
1.3790000000 0.0049223948 0.0000000000 
1.3860000000 0.0073005309 0.0000000000 
1.3930000000 0.0101412417 0.0000000000 
1.4000000000 0.0134414987 0.0000000000 
